version 1
nodes
0 "mesh" -1
1 "Line02" -1
2 "XSI_DUMMY" 1
end
skeleton
time 0
0 0.000000 0.000000 0.000000 1.570796 -0.000000 0.000000
1 4.755839 9.148514 2.869964 -0.028984 -0.209656 -2.765580
2 0.000000 0.000000 0.000000 0.000000 0.000000 0.000000
end
triangles
grenade_side.bmp
0 -1.787890 -1.300005 13.485808 -0.065355 -0.000000 0.997862 0.615000 -0.912700 1 1 1.000000 
0 -1.787890 1.299995 13.485809 -0.065355 -0.000000 0.997862 0.275600 -0.912700 1 1 1.000000 
0 -2.632110 1.299995 13.370239 -0.135631 -0.000000 0.990759 0.287300 -0.964900 1 1 1.000000 
grenade_side.bmp
0 -2.632110 1.299995 13.370239 -0.135631 -0.000000 0.990759 0.287300 -0.964900 1 1 1.000000 
0 -2.632110 -1.300005 13.370238 -0.135631 -0.000000 0.990759 0.626600 -0.964900 1 1 1.000000 
0 -1.787890 -1.300005 13.485808 -0.065355 -0.000000 0.997862 0.615000 -0.912700 1 1 1.000000 
grenade_side.bmp
0 -1.317030 1.299996 10.047311 -0.990754 0.000000 -0.135672 0.337800 -0.750300 1 1 1.000000 
0 -1.317030 -1.300004 10.047310 -0.990754 0.000000 -0.135672 0.677200 -0.750300 1 1 1.000000 
0 -1.787890 1.299995 13.485809 -0.990754 0.000000 -0.135672 0.275600 -0.912700 1 1 1.000000 
grenade_side.bmp
0 -1.317030 -1.300004 10.047310 -0.990754 0.000000 -0.135672 0.677200 -0.750300 1 1 1.000000 
0 -1.787890 -1.300005 13.485808 -0.990754 0.000000 -0.135672 0.615000 -0.912700 1 1 1.000000 
0 -1.787890 1.299995 13.485809 -0.990754 0.000000 -0.135672 0.275600 -0.912700 1 1 1.000000 
grenade_side.bmp
0 -2.632110 -1.300005 13.370238 0.000000 -1.000000 -0.000000 0.000000 -0.010000 1 1 1.000000 
0 -2.475850 -1.300004 12.229488 0.000000 -1.000000 -0.000000 0.019800 -0.108800 1 1 1.000000 
0 -1.787890 -1.300005 13.485808 0.000000 -1.000000 -0.000000 0.107000 0.000000 1 1 1.000000 
grenade_side.bmp
0 -1.615900 -1.300004 12.229488 0.000000 -1.000000 -0.000000 0.128800 -0.108800 1 1 1.000000 
0 -1.787890 -1.300005 13.485808 0.000000 -1.000000 -0.000000 0.107000 0.000000 1 1 1.000000 
0 -2.475850 -1.300004 12.229488 0.000000 -1.000000 -0.000000 0.019800 -0.108800 1 1 1.000000 
grenade_side.bmp
0 -1.317030 -1.300004 10.047310 0.000000 -1.000000 -0.000000 0.166700 -0.297800 1 1 1.000000 
0 2.251080 -1.300005 13.464620 0.000000 -1.000000 -0.000000 0.618900 -0.001800 1 1 1.000000 
0 -1.787890 -1.300005 13.485808 -0.000000 -1.000000 -0.000000 0.107000 0.000000 1 1 1.000000 
grenade_side.bmp
0 -1.317030 -1.300004 10.047310 0.000000 -1.000000 -0.000000 0.166700 -0.297800 1 1 1.000000 
0 4.489290 -1.300004 10.170420 0.000000 -1.000000 -0.000000 0.902500 -0.287100 1 1 1.000000 
0 2.251080 -1.300005 13.464620 0.000000 -1.000000 -0.000000 0.618900 -0.001800 1 1 1.000000 
grenade_side.bmp
0 -1.317030 -1.300004 10.047310 0.000000 -1.000000 -0.000000 0.166700 -0.297800 1 1 1.000000 
0 5.258370 -1.300002 5.715189 0.000000 -1.000000 -0.000000 1.000000 -0.672900 1 1 1.000000 
0 4.489290 -1.300004 10.170420 0.000000 -1.000000 -0.000000 0.902500 -0.287100 1 1 1.000000 
grenade_side.bmp
0 -1.317030 -1.300004 10.047310 0.000000 -1.000000 -0.000000 0.166700 -0.297800 1 1 1.000000 
0 3.600870 -1.300001 2.246400 0.000000 -1.000000 -0.000000 0.789900 -0.973300 1 1 1.000000 
0 5.258370 -1.300002 5.715189 0.000000 -1.000000 -0.000000 1.000000 -0.672900 1 1 1.000000 
grenade_side.bmp
0 3.600870 -1.300001 2.246400 0.000000 -1.000000 -0.000000 0.789900 -0.973300 1 1 1.000000 
0 4.746170 -1.300001 1.938430 0.000000 -1.000000 -0.000000 0.935100 -1.000000 1 1 1.000000 
0 5.258370 -1.300002 5.715189 0.000000 -1.000000 -0.000000 1.000000 -0.672900 1 1 1.000000 
grenade_side.bmp
0 2.251080 1.299995 13.464621 0.005246 -0.000000 0.999986 0.231200 -0.640800 1 1 1.000000 
0 -1.787890 -1.300005 13.485808 -0.065355 -0.000000 0.997862 0.615000 -0.912700 1 1 1.000000 
0 2.251080 -1.300005 13.464620 0.005246 -0.000000 0.999986 0.570600 -0.640800 1 1 1.000000 
grenade_side.bmp
0 2.251080 1.299995 13.464621 0.005246 -0.000000 0.999986 0.231200 -0.640800 1 1 1.000000 
0 -1.787890 1.299995 13.485809 -0.065355 -0.000000 0.997862 0.275600 -0.912700 1 1 1.000000 
0 -1.787890 -1.300005 13.485808 -0.065355 -0.000000 0.997862 0.615000 -0.912700 1 1 1.000000 
grenade_side.bmp
0 3.600870 1.299999 2.246400 -0.259675 0.000000 -0.965696 0.789900 -0.973300 1 1 1.000000 
0 4.746170 -1.300001 1.938430 -0.259675 0.000000 -0.965696 0.935100 -1.000000 1 1 1.000000 
0 3.600870 -1.300001 2.246400 -0.259675 0.000000 -0.965696 0.789900 -0.973300 1 1 1.000000 
grenade_side.bmp
0 3.600870 1.299999 2.246400 -0.259675 0.000000 -0.965696 0.789900 -0.973300 1 1 1.000000 
0 4.746170 1.299999 1.938430 -0.259675 0.000000 -0.965696 0.935100 -1.000000 1 1 1.000000 
0 4.746170 -1.300001 1.938430 -0.259675 0.000000 -0.965696 0.935100 -1.000000 1 1 1.000000 
grenade_side.bmp
0 -1.787890 1.299995 13.485809 0.000000 1.000000 0.000000 0.107000 0.000000 1 1 1.000000 
0 -1.615900 1.299996 12.229489 0.000000 1.000000 0.000000 0.128800 -0.108800 1 1 1.000000 
0 -2.475850 1.299996 12.229489 0.000000 1.000000 0.000000 0.019800 -0.108800 1 1 1.000000 
grenade_side.bmp
0 -2.475850 1.299996 12.229489 0.000000 1.000000 0.000000 0.019800 -0.108800 1 1 1.000000 
0 -2.632110 1.299995 13.370239 0.000000 1.000000 0.000000 0.000000 -0.010000 1 1 1.000000 
0 -1.787890 1.299995 13.485809 0.000000 1.000000 0.000000 0.107000 0.000000 1 1 1.000000 
grenade_side.bmp
0 3.600870 1.299999 2.246400 -0.000000 1.000000 0.000000 0.789900 -0.973300 1 1 1.000000 
0 5.258370 1.299998 5.715189 -0.000000 1.000000 0.000000 1.000000 -0.672900 1 1 1.000000 
0 4.746170 1.299999 1.938430 -0.000000 1.000000 0.000000 0.935100 -1.000000 1 1 1.000000 
grenade_side.bmp
0 -1.317030 1.299996 10.047311 -0.000000 1.000000 0.000000 0.166700 -0.297800 1 1 1.000000 
0 5.258370 1.299998 5.715189 -0.000000 1.000000 0.000000 1.000000 -0.672900 1 1 1.000000 
0 3.600870 1.299999 2.246400 -0.000000 1.000000 0.000000 0.789900 -0.973300 1 1 1.000000 
grenade_side.bmp
0 -1.317030 1.299996 10.047311 -0.000000 1.000000 0.000000 0.166700 -0.297800 1 1 1.000000 
0 4.489290 1.299996 10.170421 -0.000000 1.000000 0.000000 0.902500 -0.287100 1 1 1.000000 
0 5.258370 1.299998 5.715189 -0.000000 1.000000 0.000000 1.000000 -0.672900 1 1 1.000000 
grenade_side.bmp
0 -1.317030 1.299996 10.047311 -0.000000 1.000000 0.000000 0.166700 -0.297800 1 1 1.000000 
0 2.251080 1.299995 13.464621 -0.000000 1.000000 0.000000 0.618900 -0.001800 1 1 1.000000 
0 4.489290 1.299996 10.170421 -0.000000 1.000000 0.000000 0.902500 -0.287100 1 1 1.000000 
grenade_side.bmp
0 -1.317030 1.299996 10.047311 -0.000000 1.000000 0.000000 0.166700 -0.297800 1 1 1.000000 
0 -1.787890 1.299995 13.485809 0.000000 1.000000 0.000000 0.107000 0.000000 1 1 1.000000 
0 2.251080 1.299995 13.464621 -0.000000 1.000000 0.000000 0.618900 -0.001800 1 1 1.000000 
grenade_side.bmp
0 4.746170 1.299999 1.938430 0.990929 0.000000 -0.134389 0.063000 -0.279900 1 1 1.000000 
0 5.258370 -1.300002 5.715189 0.999448 0.000000 -0.033234 0.600200 -0.456400 1 1 1.000000 
0 4.746170 -1.300001 1.938430 0.990929 0.000000 -0.134389 0.600100 -0.279900 1 1 1.000000 
grenade_side.bmp
0 4.746170 1.299999 1.938430 0.990929 0.000000 -0.134389 0.063000 -0.279900 1 1 1.000000 
0 5.258370 1.299998 5.715189 0.997594 -0.000000 0.069327 0.063200 -0.456400 1 1 1.000000 
0 5.258370 -1.300002 5.715189 0.999448 0.000000 -0.033234 0.600200 -0.456400 1 1 1.000000 
grenade_side.bmp
0 5.258370 1.299998 5.715189 0.997594 -0.000000 0.069327 0.063200 -0.456400 1 1 1.000000 
0 4.489290 -1.300004 10.170420 0.951745 -0.000000 0.306889 0.600000 -0.664600 1 1 1.000000 
0 5.258370 -1.300002 5.715189 0.999448 0.000000 -0.033234 0.600200 -0.456400 1 1 1.000000 
grenade_side.bmp
0 5.258370 1.299998 5.715189 0.997594 -0.000000 0.069327 0.063200 -0.456400 1 1 1.000000 
0 4.489290 1.299996 10.170421 0.897905 -0.000000 0.440190 0.062900 -0.664600 1 1 1.000000 
0 4.489290 -1.300004 10.170420 0.951745 -0.000000 0.306889 0.600000 -0.664600 1 1 1.000000 
grenade_side.bmp
0 4.489290 1.299996 10.170421 0.897905 -0.000000 0.440190 0.062900 -0.664600 1 1 1.000000 
0 2.251080 -1.300005 13.464620 0.827142 -0.000000 0.561993 0.599300 -0.818600 1 1 1.000000 
0 4.489290 -1.300004 10.170420 0.951745 -0.000000 0.306889 0.600000 -0.664600 1 1 1.000000 
grenade_side.bmp
0 4.489290 1.299996 10.170421 0.897905 -0.000000 0.440190 0.062900 -0.664600 1 1 1.000000 
0 2.251080 1.299995 13.464621 0.827142 -0.000000 0.561993 0.062200 -0.818600 1 1 1.000000 
0 2.251080 -1.300005 13.464620 0.827142 -0.000000 0.561993 0.599300 -0.818600 1 1 1.000000 
grenade_side.bmp
0 -2.632110 1.299995 13.370239 -0.990748 0.000000 -0.135713 0.287300 -0.964900 1 1 1.000000 
0 -2.475850 1.299996 12.229489 -0.990748 0.000000 -0.135713 0.307900 -0.911100 1 1 1.000000 
0 -2.632110 -1.300005 13.370238 -0.990748 0.000000 -0.135713 0.626600 -0.964900 1 1 1.000000 
grenade_side.bmp
0 -2.475850 -1.300004 12.229488 -0.990748 0.000000 -0.135713 0.647300 -0.911100 1 1 1.000000 
0 -2.632110 -1.300005 13.370238 -0.990748 0.000000 -0.135713 0.626600 -0.964900 1 1 1.000000 
0 -2.475850 1.299996 12.229489 -0.990748 0.000000 -0.135713 0.307900 -0.911100 1 1 1.000000 
grenade_skin.bmp
0 4.502030 -0.007541 2.933579 0.823541 0.494814 -0.277379 0.000000 -0.673700 1 1 1.000000 
0 2.949830 -0.007540 -0.185900 0.545610 0.356934 -0.758227 0.000000 -0.946300 1 1 1.000000 
0 1.552200 2.128880 -0.185899 0.436221 0.521544 -0.733282 0.483700 -0.946300 1 1 1.000000 
grenade_skin.bmp
0 2.511470 3.449289 2.933581 0.592000 0.763288 -0.258705 0.470400 -0.673700 1 1 1.000000 
0 1.552200 2.128880 -0.185899 0.436221 0.521544 -0.733282 0.483700 -0.946300 1 1 1.000000 
0 -0.776100 2.381080 -0.185899 -0.118789 0.679635 -0.723869 0.938500 -0.946300 1 1 1.000000 
grenade_skin.bmp
0 4.502030 -0.007541 2.933579 0.823541 0.494814 -0.277379 0.000000 -0.673700 1 1 1.000000 
0 1.552200 2.128880 -0.185899 0.436221 0.521544 -0.733282 0.483700 -0.946300 1 1 1.000000 
0 2.511470 3.449289 2.933581 0.592000 0.763288 -0.258705 0.470400 -0.673700 1 1 1.000000 
grenade_skin.bmp
0 4.502030 -0.007543 7.525830 0.858725 0.494483 0.134451 0.000000 -0.272500 1 1 1.000000 
0 4.502030 -0.007541 2.933579 0.823541 0.494814 -0.277379 0.000000 -0.673700 1 1 1.000000 
0 2.511470 3.449289 2.933581 0.592000 0.763288 -0.258705 0.470400 -0.673700 1 1 1.000000 
grenade_skin.bmp
0 -1.552200 2.128876 10.645309 -0.595709 0.657407 0.461462 1.080500 0.000000 1 1 1.000000 
0 -4.063670 1.312867 7.525830 -0.925058 0.294457 0.239921 1.357200 -0.272500 1 1 1.000000 
0 -2.511470 0.808466 10.645309 -0.868357 0.181693 0.461458 1.361300 0.000000 1 1 1.000000 
grenade_skin.bmp
0 -1.552200 2.128876 10.645309 -0.595709 0.657407 0.461462 1.080500 0.000000 1 1 1.000000 
0 -2.511470 3.449287 7.525831 -0.575300 0.781963 0.239923 1.069200 -0.272500 1 1 1.000000 
0 -4.063670 1.312867 7.525830 -0.925058 0.294457 0.239921 1.357200 -0.272500 1 1 1.000000 
grenade_skin.bmp
0 -2.511470 3.449287 7.525831 -0.575300 0.781963 0.239923 1.069200 -0.272500 1 1 1.000000 
0 -4.063670 1.312869 2.933579 -0.921467 0.305510 -0.239921 1.357200 -0.673700 1 1 1.000000 
0 -4.063670 1.312867 7.525830 -0.925058 0.294457 0.239921 1.357200 -0.272500 1 1 1.000000 
grenade_skin.bmp
0 -2.511470 3.449287 7.525831 -0.575300 0.781963 0.239923 1.069200 -0.272500 1 1 1.000000 
0 -2.511470 3.449289 2.933581 -0.536416 0.804636 -0.254594 1.069200 -0.673700 1 1 1.000000 
0 -4.063670 1.312869 2.933579 -0.921467 0.305510 -0.239921 1.357200 -0.673700 1 1 1.000000 
grenade_skin.bmp
0 -2.511470 3.449289 2.933581 -0.536416 0.804636 -0.254594 1.069200 -0.673700 1 1 1.000000 
0 -2.511470 0.808470 -0.185900 -0.583511 0.302049 -0.753844 1.361300 -0.946300 1 1 1.000000 
0 -4.063670 1.312869 2.933579 -0.921467 0.305510 -0.239921 1.357200 -0.673700 1 1 1.000000 
grenade_skin.bmp
0 -2.511470 3.449289 2.933581 -0.536416 0.804636 -0.254594 1.069200 -0.673700 1 1 1.000000 
0 -0.776100 2.381080 -0.185899 -0.118789 0.679635 -0.723869 0.938500 -0.946300 1 1 1.000000 
0 -2.511470 0.808470 -0.185900 -0.583511 0.302049 -0.753844 1.361300 -0.946300 1 1 1.000000 
grenade_skin.bmp
0 0.000000 4.265299 2.933582 0.063068 0.974659 -0.214621 0.774500 -0.673700 1 1 1.000000 
0 -0.776100 2.381080 -0.185899 -0.118789 0.679635 -0.723869 0.938500 -0.946300 1 1 1.000000 
0 -2.511470 3.449289 2.933581 -0.536416 0.804636 -0.254594 1.069200 -0.673700 1 1 1.000000 
grenade_skin.bmp
0 2.511470 3.449289 2.933581 0.592000 0.763288 -0.258705 0.470400 -0.673700 1 1 1.000000 
0 -0.776100 2.381080 -0.185899 -0.118789 0.679635 -0.723869 0.938500 -0.946300 1 1 1.000000 
0 0.000000 4.265299 2.933582 0.063068 0.974659 -0.214621 0.774500 -0.673700 1 1 1.000000 
grenade_skin.bmp
0 2.511470 3.449287 7.525831 0.601593 0.764107 0.232867 0.470400 -0.272500 1 1 1.000000 
0 2.511470 3.449289 2.933581 0.592000 0.763288 -0.258705 0.470400 -0.673700 1 1 1.000000 
0 0.000000 4.265299 2.933582 0.063068 0.974659 -0.214621 0.774500 -0.673700 1 1 1.000000 
grenade_skin.bmp
0 4.502030 -0.007543 7.525830 0.858725 0.494483 0.134451 0.000000 -0.272500 1 1 1.000000 
0 2.511470 3.449289 2.933581 0.592000 0.763288 -0.258705 0.470400 -0.673700 1 1 1.000000 
0 2.511470 3.449287 7.525831 0.601593 0.764107 0.232867 0.470400 -0.272500 1 1 1.000000 
grenade_skin.bmp
0 2.949830 -0.007544 10.645309 0.774237 0.475303 0.417906 0.000000 0.000000 1 1 1.000000 
0 4.502030 -0.007543 7.525830 0.858725 0.494483 0.134451 0.000000 -0.272500 1 1 1.000000 
0 2.511470 3.449287 7.525831 0.601593 0.764107 0.232867 0.470400 -0.272500 1 1 1.000000 
grenade_skin.bmp
0 2.949830 -0.007544 10.645309 0.774237 0.475303 0.417906 0.000000 0.000000 1 1 1.000000 
0 2.511470 3.449287 7.525831 0.601593 0.764107 0.232867 0.470400 -0.272500 1 1 1.000000 
0 1.552200 2.128876 10.645309 0.453262 0.762276 0.462048 0.483700 0.000000 1 1 1.000000 
grenade_skin.bmp
0 1.552200 2.128876 10.645309 0.453262 0.762276 0.462048 0.483700 0.000000 1 1 1.000000 
0 2.511470 3.449287 7.525831 0.601593 0.764107 0.232867 0.470400 -0.272500 1 1 1.000000 
0 0.000000 4.265297 7.525831 -0.005814 0.970774 0.239927 0.774500 -0.272500 1 1 1.000000 
grenade_skin.bmp
0 1.552200 2.128876 10.645309 0.453262 0.762276 0.462048 0.483700 0.000000 1 1 1.000000 
0 0.000000 4.265297 7.525831 -0.005814 0.970774 0.239927 0.774500 -0.272500 1 1 1.000000 
0 0.000000 2.633146 10.645309 -0.095525 0.882001 0.461465 0.789500 0.000000 1 1 1.000000 
grenade_skin.bmp
0 0.000000 2.633146 10.645309 -0.095525 0.882001 0.461465 0.789500 0.000000 1 1 1.000000 
0 0.000000 4.265297 7.525831 -0.005814 0.970774 0.239927 0.774500 -0.272500 1 1 1.000000 
0 -2.511470 3.449287 7.525831 -0.575300 0.781963 0.239923 1.069200 -0.272500 1 1 1.000000 
grenade_skin.bmp
0 0.000000 2.633146 10.645309 -0.095525 0.882001 0.461465 0.789500 0.000000 1 1 1.000000 
0 -2.511470 3.449287 7.525831 -0.575300 0.781963 0.239923 1.069200 -0.272500 1 1 1.000000 
0 -1.552200 2.128876 10.645309 -0.595709 0.657407 0.461462 1.080500 0.000000 1 1 1.000000 
grenade_skin.bmp
0 0.000000 4.265297 7.525831 -0.005814 0.970774 0.239927 0.774500 -0.272500 1 1 1.000000 
0 -2.511470 3.449289 2.933581 -0.536416 0.804636 -0.254594 1.069200 -0.673700 1 1 1.000000 
0 -2.511470 3.449287 7.525831 -0.575300 0.781963 0.239923 1.069200 -0.272500 1 1 1.000000 
grenade_skin.bmp
0 0.000000 4.265297 7.525831 -0.005814 0.970774 0.239927 0.774500 -0.272500 1 1 1.000000 
0 0.000000 4.265299 2.933582 0.063068 0.974659 -0.214621 0.774500 -0.673700 1 1 1.000000 
0 -2.511470 3.449289 2.933581 -0.536416 0.804636 -0.254594 1.069200 -0.673700 1 1 1.000000 
grenade_skin.bmp
0 2.511470 3.449287 7.525831 0.601593 0.764107 0.232867 0.470400 -0.272500 1 1 1.000000 
0 0.000000 4.265299 2.933582 0.063068 0.974659 -0.214621 0.774500 -0.673700 1 1 1.000000 
0 0.000000 4.265297 7.525831 -0.005814 0.970774 0.239927 0.774500 -0.272500 1 1 1.000000 
grenade_skin.bmp
0 1.552200 -2.128880 -0.185901 0.595384 -0.670465 -0.442712 0.483700 -0.946300 1 1 1.000000 
0 2.511470 -3.449291 2.933579 0.592000 -0.763287 -0.258705 0.470400 -0.673700 1 1 1.000000 
0 -0.776100 -2.381080 -0.185901 -0.130059 -0.847004 -0.515432 0.938500 -0.946300 1 1 1.000000 
grenade_skin.bmp
0 -4.063670 -1.312871 2.933580 -0.799607 -0.580948 -0.152078 1.357200 -0.673700 1 1 1.000000 
0 -2.511470 -3.449293 7.525829 -0.575300 -0.781964 0.239922 1.069200 -0.272500 1 1 1.000000 
0 -4.063670 -1.312873 7.525830 -0.770694 -0.559930 0.304152 1.357200 -0.272500 1 1 1.000000 
grenade_skin.bmp
0 -2.511470 -3.449291 2.933579 -0.536416 -0.804636 -0.254595 1.069200 -0.673700 1 1 1.000000 
0 -2.511470 -3.449293 7.525829 -0.575300 -0.781964 0.239922 1.069200 -0.272500 1 1 1.000000 
0 -4.063670 -1.312871 2.933580 -0.799607 -0.580948 -0.152078 1.357200 -0.673700 1 1 1.000000 
grenade_skin.bmp
0 -2.511470 -0.808470 -0.185900 -0.649982 -0.580019 -0.491020 1.361300 -0.946300 1 1 1.000000 
0 -2.511470 -3.449291 2.933579 -0.536416 -0.804636 -0.254595 1.069200 -0.673700 1 1 1.000000 
0 -4.063670 -1.312871 2.933580 -0.799607 -0.580948 -0.152078 1.357200 -0.673700 1 1 1.000000 
grenade_skin.bmp
0 -0.776100 -2.381080 -0.185901 -0.130059 -0.847004 -0.515432 0.938500 -0.946300 1 1 1.000000 
0 -2.511470 -3.449291 2.933579 -0.536416 -0.804636 -0.254595 1.069200 -0.673700 1 1 1.000000 
0 -2.511470 -0.808470 -0.185900 -0.649982 -0.580019 -0.491020 1.361300 -0.946300 1 1 1.000000 
grenade_skin.bmp
0 -0.776100 -2.381080 -0.185901 -0.130059 -0.847004 -0.515432 0.938500 -0.946300 1 1 1.000000 
0 0.000000 -4.265301 2.933578 0.063068 -0.974659 -0.214621 0.774500 -0.673700 1 1 1.000000 
0 -2.511470 -3.449291 2.933579 -0.536416 -0.804636 -0.254595 1.069200 -0.673700 1 1 1.000000 
grenade_skin.bmp
0 -0.776100 -2.381080 -0.185901 -0.130059 -0.847004 -0.515432 0.938500 -0.946300 1 1 1.000000 
0 2.511470 -3.449291 2.933579 0.592000 -0.763287 -0.258705 0.470400 -0.673700 1 1 1.000000 
0 0.000000 -4.265301 2.933578 0.063068 -0.974659 -0.214621 0.774500 -0.673700 1 1 1.000000 
grenade_skin.bmp
0 2.511470 -3.449291 2.933579 0.592000 -0.763287 -0.258705 0.470400 -0.673700 1 1 1.000000 
0 2.511470 -3.449293 7.525829 0.601593 -0.764107 0.232867 0.470400 -0.272500 1 1 1.000000 
0 0.000000 -4.265301 2.933578 0.063068 -0.974659 -0.214621 0.774500 -0.673700 1 1 1.000000 
grenade_skin.bmp
0 0.000000 -4.265301 2.933578 0.063068 -0.974659 -0.214621 0.774500 -0.673700 1 1 1.000000 
0 2.511470 -3.449293 7.525829 0.601593 -0.764107 0.232867 0.470400 -0.272500 1 1 1.000000 
0 0.000000 -4.265303 7.525829 -0.005814 -0.970774 0.239926 0.774500 -0.272500 1 1 1.000000 
grenade_skin.bmp
0 0.000000 -4.265301 2.933578 0.063068 -0.974659 -0.214621 0.774500 -0.673700 1 1 1.000000 
0 0.000000 -4.265303 7.525829 -0.005814 -0.970774 0.239926 0.774500 -0.272500 1 1 1.000000 
0 -2.511470 -3.449291 2.933579 -0.536416 -0.804636 -0.254595 1.069200 -0.673700 1 1 1.000000 
grenade_skin.bmp
0 -2.511470 -3.449291 2.933579 -0.536416 -0.804636 -0.254595 1.069200 -0.673700 1 1 1.000000 
0 0.000000 -4.265303 7.525829 -0.005814 -0.970774 0.239926 0.774500 -0.272500 1 1 1.000000 
0 -2.511470 -3.449293 7.525829 -0.575300 -0.781964 0.239922 1.069200 -0.272500 1 1 1.000000 
grenade_skin.bmp
0 2.949830 0.007540 -0.185900 0.772539 -0.505389 -0.384402 0.000000 -0.946300 1 1 1.000000 
0 4.502030 0.007539 2.933580 0.823541 -0.494814 -0.277379 0.000000 -0.673700 1 1 1.000000 
0 1.552200 -2.128880 -0.185901 0.595384 -0.670465 -0.442712 0.483700 -0.946300 1 1 1.000000 
grenade_skin.bmp
0 1.552200 -2.128880 -0.185901 0.595384 -0.670465 -0.442712 0.483700 -0.946300 1 1 1.000000 
0 4.502030 0.007539 2.933580 0.823541 -0.494814 -0.277379 0.000000 -0.673700 1 1 1.000000 
0 2.511470 -3.449291 2.933579 0.592000 -0.763287 -0.258705 0.470400 -0.673700 1 1 1.000000 
grenade_skin.bmp
0 4.502030 0.007539 2.933580 0.823541 -0.494814 -0.277379 0.000000 -0.673700 1 1 1.000000 
0 4.502030 0.007537 7.525830 0.858725 -0.494483 0.134451 0.000000 -0.272500 1 1 1.000000 
0 2.511470 -3.449291 2.933579 0.592000 -0.763287 -0.258705 0.470400 -0.673700 1 1 1.000000 
grenade_skin.bmp
0 2.511470 -3.449291 2.933579 0.592000 -0.763287 -0.258705 0.470400 -0.673700 1 1 1.000000 
0 4.502030 0.007537 7.525830 0.858725 -0.494483 0.134451 0.000000 -0.272500 1 1 1.000000 
0 2.511470 -3.449293 7.525829 0.601593 -0.764107 0.232867 0.470400 -0.272500 1 1 1.000000 
grenade_skin.bmp
0 4.502030 0.007537 7.525830 0.858725 -0.494483 0.134451 0.000000 -0.272500 1 1 1.000000 
0 2.949830 0.007536 10.645309 0.774237 -0.475303 0.417905 0.000000 0.000000 1 1 1.000000 
0 2.511470 -3.449293 7.525829 0.601593 -0.764107 0.232867 0.470400 -0.272500 1 1 1.000000 
grenade_skin.bmp
0 2.511470 -3.449293 7.525829 0.601593 -0.764107 0.232867 0.470400 -0.272500 1 1 1.000000 
0 2.949830 0.007536 10.645309 0.774237 -0.475303 0.417905 0.000000 0.000000 1 1 1.000000 
0 1.552200 -2.128884 10.645308 0.453262 -0.762277 0.462047 0.483700 0.000000 1 1 1.000000 
grenade_skin.bmp
0 2.511470 -3.449293 7.525829 0.601593 -0.764107 0.232867 0.470400 -0.272500 1 1 1.000000 
0 1.552200 -2.128884 10.645308 0.453262 -0.762277 0.462047 0.483700 0.000000 1 1 1.000000 
0 0.000000 -4.265303 7.525829 -0.005814 -0.970774 0.239926 0.774500 -0.272500 1 1 1.000000 
grenade_skin.bmp
0 0.000000 -4.265303 7.525829 -0.005814 -0.970774 0.239926 0.774500 -0.272500 1 1 1.000000 
0 1.552200 -2.128884 10.645308 0.453262 -0.762277 0.462047 0.483700 0.000000 1 1 1.000000 
0 0.000000 -2.633154 10.645308 -0.095525 -0.882001 0.461464 0.789500 0.000000 1 1 1.000000 
grenade_skin.bmp
0 0.000000 -4.265303 7.525829 -0.005814 -0.970774 0.239926 0.774500 -0.272500 1 1 1.000000 
0 0.000000 -2.633154 10.645308 -0.095525 -0.882001 0.461464 0.789500 0.000000 1 1 1.000000 
0 -2.511470 -3.449293 7.525829 -0.575300 -0.781964 0.239922 1.069200 -0.272500 1 1 1.000000 
grenade_skin.bmp
0 -2.511470 -3.449293 7.525829 -0.575300 -0.781964 0.239922 1.069200 -0.272500 1 1 1.000000 
0 0.000000 -2.633154 10.645308 -0.095525 -0.882001 0.461464 0.789500 0.000000 1 1 1.000000 
0 -1.552200 -2.128884 10.645308 -0.595709 -0.657407 0.461461 1.080500 0.000000 1 1 1.000000 
grenade_skin.bmp
0 -2.511470 -3.449293 7.525829 -0.575300 -0.781964 0.239922 1.069200 -0.272500 1 1 1.000000 
0 -1.552200 -2.128884 10.645308 -0.595709 -0.657407 0.461461 1.080500 0.000000 1 1 1.000000 
0 -4.063670 -1.312873 7.525830 -0.770694 -0.559930 0.304152 1.357200 -0.272500 1 1 1.000000 
grenade_skin.bmp
0 -4.063670 -1.312873 7.525830 -0.770694 -0.559930 0.304152 1.357200 -0.272500 1 1 1.000000 
0 -1.552200 -2.128884 10.645308 -0.595709 -0.657407 0.461461 1.080500 0.000000 1 1 1.000000 
0 -2.511470 -0.808474 10.645308 -0.724318 -0.526213 0.445493 1.361300 0.000000 1 1 1.000000 
grenade_skin.bmp
0 0.000000 -0.007540 -0.800930 -0.018532 -0.000004 -0.999828 1.500000 -1.000000 1 1 1.000000 
0 -0.776100 -2.396030 -0.185901 -0.073501 -0.226224 -0.971298 2.061500 -0.946300 1 1 1.000000 
0 -2.511470 -0.823550 -0.185900 -0.613568 -0.053521 -0.787826 1.638700 -0.946300 1 1 1.000000 
grenade_skin.bmp
0 0.000000 -0.007540 -0.800930 -0.018532 -0.000004 -0.999828 1.500000 -1.000000 1 1 1.000000 
0 1.552200 -2.143830 -0.185901 0.115786 -0.196197 -0.973704 2.516300 -0.946300 1 1 1.000000 
0 -0.776100 -2.396030 -0.185901 -0.073501 -0.226224 -0.971298 2.061500 -0.946300 1 1 1.000000 
grenade_skin.bmp
0 0.000000 -0.007540 -0.800930 -0.018532 -0.000004 -0.999828 1.500000 -1.000000 1 1 1.000000 
0 2.949830 -0.007540 -0.185900 0.202312 -0.132359 -0.970336 3.000000 -0.946300 1 1 1.000000 
0 1.552200 -2.143830 -0.185901 0.115786 -0.196197 -0.973704 2.516300 -0.946300 1 1 1.000000 
grenade_skin.bmp
0 -2.511470 0.808466 10.645309 -0.868357 0.181693 0.461458 1.500000 -1.000000 1 1 1.000000 
0 -4.063670 -1.327823 7.525830 -0.952624 -0.000000 0.304149 3.000000 -0.946300 1 1 1.000000 
0 -2.511470 -0.823554 10.645308 -0.895291 -0.000000 0.445482 3.000000 -0.946300 1 1 1.000000 
grenade_skin.bmp
0 -2.511470 0.808466 10.645309 -0.868357 0.181693 0.461458 3.000000 -0.673700 1 1 1.000000 
0 -4.063670 1.312867 7.525830 -0.925058 0.294457 0.239921 3.000000 -0.946300 1 1 1.000000 
0 -4.063670 -1.327823 7.525830 -0.952624 -0.000000 0.304149 3.000000 -0.946300 1 1 1.000000 
grenade_skin.bmp
0 -4.063670 1.312867 7.525830 -0.925058 0.294457 0.239921 1.361300 0.000000 1 1 1.000000 
0 -4.063670 -1.327821 2.933580 -0.988369 -0.000000 -0.152075 1.642800 -0.272500 1 1 1.000000 
0 -4.063670 -1.327823 7.525830 -0.952624 -0.000000 0.304149 1.638700 0.000000 1 1 1.000000 
grenade_skin.bmp
0 -4.063670 1.312867 7.525830 -0.925058 0.294457 0.239921 1.361300 0.000000 1 1 1.000000 
0 -4.063670 1.312869 2.933579 -0.921467 0.305510 -0.239921 1.357200 -0.272500 1 1 1.000000 
0 -4.063670 -1.327821 2.933580 -0.988369 -0.000000 -0.152075 1.642800 -0.272500 1 1 1.000000 
grenade_skin.bmp
0 -4.063670 1.312869 2.933579 -0.921467 0.305510 -0.239921 1.357200 -0.272500 1 1 1.000000 
0 -2.511470 -0.823550 -0.185900 -0.613568 -0.053521 -0.787826 1.642800 -0.673700 1 1 1.000000 
0 -4.063670 -1.327821 2.933580 -0.988369 -0.000000 -0.152075 1.642800 -0.272500 1 1 1.000000 
grenade_skin.bmp
0 -4.063670 1.312869 2.933579 -0.921467 0.305510 -0.239921 1.357200 -0.272500 1 1 1.000000 
0 -2.511470 0.808470 -0.185900 -0.583511 0.302049 -0.753844 1.357200 -0.673700 1 1 1.000000 
0 -2.511470 -0.823550 -0.185900 -0.613568 -0.053521 -0.787826 1.642800 -0.673700 1 1 1.000000 
grenade_skin.bmp
0 0.000000 -0.007540 -0.800930 -0.018532 -0.000004 -0.999828 1.357200 -0.673700 1 1 1.000000 
0 -2.511470 -0.823550 -0.185900 -0.613568 -0.053521 -0.787826 1.638700 -0.946300 1 1 1.000000 
0 -2.511470 0.808470 -0.185900 -0.583511 0.302049 -0.753844 1.642800 -0.673700 1 1 1.000000 
grenade_skin.bmp
0 0.000000 -0.007540 -0.800930 -0.018532 -0.000004 -0.999828 1.357200 -0.673700 1 1 1.000000 
0 -2.511470 0.808470 -0.185900 -0.583511 0.302049 -0.753844 1.361300 -0.946300 1 1 1.000000 
0 -0.776100 2.381080 -0.185899 -0.118789 0.679635 -0.723869 1.638700 -0.946300 1 1 1.000000 
grenade_skin.bmp
0 0.000000 -0.007540 -0.800930 -0.018532 -0.000004 -0.999828 1.500000 -1.000000 1 1 1.000000 
0 -0.776100 2.381080 -0.185899 -0.118789 0.679635 -0.723869 1.638700 -0.946300 1 1 1.000000 
0 1.552200 2.128880 -0.185899 0.436221 0.521544 -0.733282 1.361300 -0.946300 1 1 1.000000 
grenade_skin.bmp
0 0.000000 -0.007540 -0.800930 -0.018532 -0.000004 -0.999828 1.500000 -1.000000 1 1 1.000000 
0 1.552200 2.128880 -0.185899 0.436221 0.521544 -0.733282 1.361300 -0.946300 1 1 1.000000 
0 2.949830 -0.007540 -0.185900 0.545610 0.356934 -0.758227 0.938500 -0.946300 1 1 1.000000 
grenade_skin.bmp
0 2.949830 -0.007544 10.645309 -0.000000 -0.000000 1.000000 1.500000 -1.000000 1 1 1.000000 
0 0.000000 -2.648234 10.645308 0.000000 -0.000000 1.000000 0.938500 -0.946300 1 1 1.000000 
0 1.552200 -2.143834 10.645308 0.000000 -0.000001 1.000000 0.483700 -0.946300 1 1 1.000000 
grenade_skin.bmp
0 2.949830 -0.007544 10.645309 -0.000000 -0.000000 1.000000 1.500000 -1.000000 1 1 1.000000 
0 -1.552200 -2.143964 10.645308 -0.000000 -0.000000 1.000000 0.483700 -0.946300 1 1 1.000000 
0 0.000000 -2.648234 10.645308 0.000000 -0.000000 1.000000 0.000000 -0.946300 1 1 1.000000 
grenade_skin.bmp
0 2.949830 -0.007544 10.645309 -0.000000 -0.000000 1.000000 0.000000 0.000000 1 1 1.000000 
0 -2.511470 -0.823554 10.645308 -0.000000 -0.000000 1.000000 -0.789500 0.000000 1 1 1.000000 
0 -1.552200 -2.143964 10.645308 -0.000000 -0.000000 1.000000 -0.483700 0.000000 1 1 1.000000 
grenade_skin.bmp
0 2.949830 -0.007544 10.645309 -0.000000 -0.000000 1.000000 0.000000 0.000000 1 1 1.000000 
0 -2.511470 0.808466 10.645309 -0.000000 -0.000000 1.000000 -1.080500 0.000000 1 1 1.000000 
0 -2.511470 -0.823554 10.645308 -0.000000 -0.000000 1.000000 -0.789500 0.000000 1 1 1.000000 
grenade_skin.bmp
0 2.949830 -0.007544 10.645309 -0.000000 -0.000000 1.000000 0.000000 0.000000 1 1 1.000000 
0 -1.552200 2.128876 10.645309 0.000000 -0.000000 1.000000 -1.361300 0.000000 1 1 1.000000 
0 -2.511470 0.808466 10.645309 -0.000000 -0.000000 1.000000 -1.080500 0.000000 1 1 1.000000 
grenade_skin.bmp
0 2.949830 -0.007544 10.645309 -0.000000 -0.000000 1.000000 0.000000 0.000000 1 1 1.000000 
0 0.000000 2.633146 10.645309 0.000000 -0.000000 1.000000 1.361300 0.000000 1 1 1.000000 
0 -1.552200 2.128876 10.645309 0.000000 -0.000000 1.000000 -1.361300 0.000000 1 1 1.000000 
grenade_skin.bmp
0 2.949830 -0.007544 10.645309 -0.000000 -0.000000 1.000000 0.000000 0.000000 1 1 1.000000 
0 1.552200 2.128876 10.645309 0.000000 -0.000000 1.000000 1.080500 0.000000 1 1 1.000000 
0 0.000000 2.633146 10.645309 0.000000 -0.000000 1.000000 1.361300 0.000000 1 1 1.000000 
end
