XSIWM0100
628
102.000000 22.025095 56.000000
102.000000 22.025095 48.000000
124.000000 22.025095 56.000000
124.000000 22.025095 48.000000
122.325348 13.606060 56.000000
122.325348 13.606060 48.000000
117.556351 6.468746 56.000000
117.556351 6.468746 48.000000
110.419037 1.699746 56.000000
110.419037 1.699746 48.000000
102.000000 0.025096 56.000000
102.000000 0.025096 48.000000
93.580963 1.699746 56.000000
93.580963 1.699746 48.000000
86.443649 6.468746 56.000000
86.443649 6.468746 48.000000
81.674652 13.606060 56.000000
81.674652 13.606060 48.000000
80.000000 22.025095 56.000000
80.000000 22.025095 48.000000
81.674652 30.444132 56.000000
81.674652 30.444132 48.000000
86.443649 37.581444 56.000000
86.443649 37.581444 48.000000
93.580963 42.350445 56.000000
93.580963 42.350445 48.000000
102.000000 44.025097 56.000000
102.000000 44.025097 48.000000
110.419037 42.350445 56.000000
110.419037 42.350445 48.000000
117.556351 37.581444 56.000000
117.556351 37.581444 48.000000
122.325348 30.444132 56.000000
122.325348 30.444132 48.000000
102.000000 22.025095 -56.000000
102.000000 22.025095 -48.000000
124.000000 22.025095 -56.000000
124.000000 22.025095 -48.000000
122.325348 13.606060 -56.000000
122.325348 13.606060 -48.000000
117.556351 6.468746 -56.000000
117.556351 6.468746 -48.000000
110.419037 1.699746 -56.000000
110.419037 1.699746 -48.000000
102.000000 0.025096 -56.000000
102.000000 0.025096 -48.000000
93.580963 1.699746 -56.000000
93.580963 1.699746 -48.000000
86.443649 6.468746 -56.000000
86.443649 6.468746 -48.000000
81.674652 13.606060 -56.000000
81.674652 13.606060 -48.000000
80.000000 22.025095 -56.000000
80.000000 22.025095 -48.000000
81.674652 30.444132 -56.000000
81.674652 30.444132 -48.000000
86.443649 37.581444 -56.000000
86.443649 37.581444 -48.000000
93.580963 42.350445 -56.000000
93.580963 42.350445 -48.000000
102.000000 44.025097 -56.000000
102.000000 44.025097 -48.000000
110.419037 42.350445 -56.000000
110.419037 42.350445 -48.000000
117.556351 37.581444 -56.000000
117.556351 37.581444 -48.000000
122.325348 30.444132 -56.000000
122.325348 30.444132 -48.000000
-78.000000 22.025095 -56.000000
-78.000000 22.025095 -48.000000
-100.000000 22.025095 -56.000000
-100.000000 22.025095 -48.000000
-98.325348 13.606060 -56.000000
-98.325348 13.606060 -48.000000
-93.556351 6.468746 -56.000000
-93.556351 6.468746 -48.000000
-86.419037 1.699746 -56.000000
-86.419037 1.699746 -48.000000
-78.000000 0.025096 -56.000000
-78.000000 0.025096 -48.000000
-69.580963 1.699746 -56.000000
-69.580963 1.699746 -48.000000
-62.443649 6.468746 -56.000000
-62.443649 6.468746 -48.000000
-57.674652 13.606060 -56.000000
-57.674652 13.606060 -48.000000
-56.000000 22.025095 -56.000000
-56.000000 22.025095 -48.000000
-57.674652 30.444132 -56.000000
-57.674652 30.444132 -48.000000
-62.443649 37.581444 -56.000000
-62.443649 37.581444 -48.000000
-69.580963 42.350445 -56.000000
-69.580963 42.350445 -48.000000
-78.000000 44.025097 -56.000000
-78.000000 44.025097 -48.000000
-86.419037 42.350445 -56.000000
-86.419037 42.350445 -48.000000
-93.556351 37.581444 -56.000000
-93.556351 37.581444 -48.000000
-98.325348 30.444132 -56.000000
-98.325348 30.444132 -48.000000
-78.000000 22.025095 48.000000
-78.000000 22.025095 56.000000
-56.000000 22.025095 48.000000
-56.000000 22.025095 56.000000
-57.674652 13.606060 48.000000
-57.674652 13.606060 56.000000
-62.443649 6.468746 48.000000
-62.443649 6.468746 56.000000
-69.580963 1.699746 48.000000
-69.580963 1.699746 56.000000
-78.000000 0.025096 48.000000
-78.000000 0.025096 56.000000
-86.419037 1.699746 48.000000
-86.419037 1.699746 56.000000
-93.556351 6.468746 48.000000
-93.556351 6.468746 56.000000
-98.325348 13.606060 48.000000
-98.325348 13.606060 56.000000
-100.000000 22.025095 48.000000
-100.000000 22.025095 56.000000
-98.325348 30.444132 48.000000
-98.325348 30.444132 56.000000
-93.556351 37.581444 48.000000
-93.556351 37.581444 56.000000
-86.419037 42.350445 48.000000
-86.419037 42.350445 56.000000
-78.000000 44.025097 48.000000
-78.000000 44.025097 56.000000
-69.580963 42.350445 48.000000
-69.580963 42.350445 56.000000
-62.443649 37.581444 48.000000
-62.443649 37.581444 56.000000
-57.674652 30.444132 48.000000
-57.674652 30.444132 56.000000
122.000061 50.025097 -34.285858
88.000061 50.025097 -43.999863
88.000000 50.025097 -59.000000
122.000000 50.025097 -59.000000
122.000000 48.025097 -59.000000
88.000000 48.025097 -59.000000
88.000000 48.025097 -43.999741
122.000000 48.025097 -34.285736
88.000000 50.024860 -44.000031
73.999878 30.024694 -48.000061
74.000000 30.024858 -59.000000
88.000000 50.024857 -59.000000
87.999878 48.024933 -59.000000
74.000122 28.025274 -59.000000
74.000000 28.025084 -47.999954
88.000000 48.025082 -43.999954
74.000000 30.025095 56.000000
34.000000 30.025095 56.000000
34.000031 30.025095 -56.000092
74.000000 30.025095 -56.000092
34.000031 14.025096 56.000000
74.000000 14.025096 56.000000
74.000000 14.025096 -56.000092
34.000000 14.025096 -56.000092
122.000000 50.024784 -59.000000
130.000000 40.024788 -59.000000
130.000122 40.024601 -31.999969
122.000000 50.024754 -34.285004
129.999878 38.025154 -59.000000
122.000000 48.025002 -59.000000
122.000000 48.025009 -34.284988
130.000000 38.025017 -31.999985
122.000183 64.025093 -32.000000
114.000000 64.025093 -32.000000
114.000000 64.025093 -44.000137
122.000000 64.025093 -44.000137
114.000000 62.025097 -32.000000
122.000000 62.025097 -32.000000
122.000183 62.025097 -44.000107
114.000000 62.025097 -44.000107
122.000183 64.025093 43.999908
114.000000 64.025093 43.999908
114.000000 64.025093 32.000000
122.000000 64.025093 32.000000
114.000000 62.025097 43.999908
122.000000 62.025097 43.999908
122.000183 62.025097 32.000000
114.000000 62.025097 32.000000
121.999878 50.025097 59.000000
87.999878 50.025097 59.000000
88.000000 50.025097 44.000031
122.000000 50.025097 34.285034
88.000000 48.025097 59.000000
122.000000 48.025097 59.000000
121.999878 48.025097 34.285065
87.999878 48.025097 44.000061
129.999878 40.024906 59.000000
122.000000 50.024754 59.000000
122.000000 50.024776 34.285980
130.000000 40.024776 31.999969
122.000000 48.025040 59.000000
130.000000 38.025043 59.000000
130.000000 38.025078 31.999939
122.000000 48.025070 34.285950
88.000000 50.024864 59.000000
73.999878 30.024698 59.000000
74.000000 30.024862 48.000092
88.000000 50.024860 44.000092
87.999878 48.024933 43.999969
74.000122 28.025274 47.999908
74.000000 28.025084 59.000000
88.000000 48.025082 59.000000
130.000000 30.025095 -32.000000
130.000000 30.025095 32.000000
74.000000 30.025095 48.000000
74.000122 30.025095 -47.999969
74.000122 14.025096 47.999756
130.000000 14.025096 31.999786
130.000000 14.025096 -32.000000
74.000000 14.025096 -48.000000
130.000061 70.025116 -32.000000
130.000061 70.025116 32.000000
74.000061 74.025116 47.999908
74.000061 74.025116 -48.000000
73.999878 46.025097 -48.000000
73.999878 46.025097 48.000031
130.000122 46.025097 31.999786
130.000122 46.025097 -32.000000
-97.999939 110.025093 -52.000000
-126.000000 110.025093 -52.000000
-126.000000 110.025093 -55.999954
-98.000000 110.025093 -55.999954
-126.000000 78.025093 -52.000000
-98.000000 78.025093 -52.000000
-97.999939 78.025093 -55.999969
-126.000000 78.025093 -55.999969
30.000061 78.025093 -52.000000
-126.000000 78.025093 -52.000000
-126.000000 78.025093 -55.999954
30.000000 78.025093 -55.999954
-126.000000 62.025097 -52.000000
30.000000 62.025097 -52.000000
30.000061 62.025097 -55.999969
-126.000000 62.025097 -55.999969
-13.999878 110.025093 -52.000000
-66.000000 110.025093 -52.000000
-66.000000 110.025093 -55.999954
-14.000000 110.025093 -55.999954
-66.000000 78.025093 -52.000000
-14.000000 78.025093 -52.000000
-13.999878 78.025093 -55.999969
-66.000000 78.025093 -55.999969
34.000122 126.025093 -52.000000
-126.000000 126.025093 -52.000000
-126.000000 126.025093 -55.999954
34.000000 126.025093 -55.999954
-126.000000 110.025093 -52.000000
34.000000 110.025093 -52.000000
34.000122 110.025093 -55.999969
-126.000000 110.025093 -55.999969
-97.999939 110.025093 56.000000
-126.000000 110.025093 56.000000
-126.000000 110.025093 51.999939
-98.000000 110.025093 51.999939
-126.000000 78.025093 56.000000
-98.000000 78.025093 56.000000
-97.999939 78.025093 51.999939
-126.000000 78.025093 51.999939
34.000122 126.025093 56.000000
-126.000000 126.025093 56.000000
-126.000000 126.025093 51.999939
34.000000 126.025093 51.999939
-126.000000 110.025093 56.000000
34.000000 110.025093 56.000000
34.000122 110.025093 51.999939
-126.000000 110.025093 51.999939
-13.999878 110.025093 56.000000
-66.000000 110.025093 56.000000
-66.000000 110.025093 51.999939
-14.000000 110.025093 51.999939
-66.000000 78.025093 56.000000
-14.000000 78.025093 56.000000
-13.999878 78.025093 51.999939
-66.000000 78.025093 51.999939
33.999939 126.025093 52.000000
30.000000 126.025093 52.000000
30.000000 126.025093 -52.000107
34.000000 126.025093 -52.000107
30.000000 110.025093 52.000000
34.000000 110.025093 52.000000
33.999939 110.025093 -52.000092
30.000000 110.025093 -52.000092
74.000000 110.025093 43.999786
34.000000 110.025093 47.999786
33.999756 110.025093 -48.000046
74.000000 110.025093 -44.000015
33.999756 106.025093 47.999817
74.000000 106.025093 43.999786
74.000000 106.025093 -44.000031
34.000000 106.025093 -48.000031
30.000061 78.025093 56.000000
-126.000000 78.025093 56.000000
-126.000000 78.025093 51.999939
30.000000 78.025093 51.999939
-126.000000 62.025097 56.000000
30.000000 62.025097 56.000000
30.000061 62.025097 51.999939
-126.000000 62.025097 51.999939
33.999939 110.025093 52.000000
30.000000 110.025093 52.000000
30.000000 110.025093 -52.000107
34.000000 110.025093 -52.000107
30.000000 78.025093 52.000000
34.000000 78.025093 52.000000
33.999939 78.025093 -52.000092
30.000000 78.025093 -52.000092
30.000000 62.025097 -52.000000
-50.000000 62.025097 -52.000000
-50.000244 62.025097 -55.999954
30.000000 62.025097 -55.999954
-50.000244 30.025095 -52.000000
30.000000 30.025095 -52.000000
30.000000 30.025095 -55.999969
-50.000000 30.025095 -55.999969
-49.999847 62.025097 -52.000000
-106.000000 62.025097 -52.000000
-106.000000 62.025097 -55.999954
-50.000000 62.025097 -55.999954
-106.000000 50.025097 -52.000000
-50.000000 50.025097 -52.000000
-49.999847 50.025097 -56.000000
-106.000000 50.025097 -56.000000
-50.000000 50.025097 -52.000000
-50.000000 30.025118 -52.000000
-69.999786 50.025097 -52.000000
-50.000000 30.025137 -56.000000
-50.000000 50.025097 -56.000000
-69.999969 50.025097 -56.000000
-106.000000 30.025137 -52.000000
-106.000000 50.025097 -52.000000
-85.999969 50.025097 -52.000000
-106.000000 50.025097 -56.000000
-106.000000 30.025072 -56.000000
-85.999878 50.025097 -56.000000
-106.000092 62.025097 -52.000000
-126.000000 62.025097 -52.000000
-126.000000 62.025097 -55.999954
-106.000000 62.025097 -55.999954
-126.000000 30.025095 -52.000000
-106.000000 30.025095 -52.000000
-106.000092 30.025095 -55.999969
-126.000000 30.025095 -55.999969
30.000000 62.025097 56.000000
-50.000000 62.025097 56.000000
-50.000244 62.025097 51.999939
30.000000 62.025097 51.999939
-50.000244 30.025095 56.000000
30.000000 30.025095 56.000000
30.000000 30.025095 51.999939
-50.000000 30.025095 51.999939
-49.999847 62.025097 56.000000
-106.000000 62.025097 56.000000
-106.000000 62.025097 51.999939
-50.000000 62.025097 51.999939
-106.000000 50.025097 56.000000
-50.000000 50.025097 56.000000
-49.999847 50.025097 52.000000
-106.000000 50.025097 52.000000
-50.000000 50.025097 56.000000
-50.000000 30.025118 56.000000
-69.999786 50.025097 56.000000
-50.000000 30.025137 52.000000
-50.000000 50.025097 52.000000
-69.999969 50.025097 52.000000
33.999939 78.025093 56.000000
30.000000 78.025093 56.000000
30.000000 78.025093 -56.000092
34.000000 78.025093 -56.000092
30.000000 30.025095 56.000000
34.000000 30.025095 56.000000
33.999939 30.025095 -56.000092
30.000000 30.025095 -56.000092
-106.000092 62.025097 56.000000
-126.000000 62.025097 56.000000
-126.000000 62.025097 51.999939
-106.000000 62.025097 51.999939
-126.000000 30.025095 56.000000
-106.000000 30.025095 56.000000
-106.000092 30.025095 51.999939
-126.000000 30.025095 51.999939
-66.000214 54.025097 43.999908
-122.000000 54.025097 43.999908
-122.000000 54.025097 40.000000
-66.000000 54.025097 40.000000
-122.000000 30.025095 43.999908
-46.000000 30.025095 43.999908
-46.000153 30.025095 40.000000
-122.000000 30.025095 40.000000
-66.000214 54.025097 51.999908
-122.000000 54.025097 51.999908
-122.000000 54.025097 44.000000
-66.000000 54.025097 44.000000
-86.000000 50.025097 51.999878
-70.000031 50.025097 51.999878
-70.000214 50.025097 44.000000
-86.000000 50.025097 44.000000
34.000000 30.025095 56.000000
-50.000000 30.025095 56.000000
-49.999786 30.025095 -56.000092
34.000000 30.025095 -56.000092
-49.999786 14.025096 56.000000
34.000000 14.025096 56.000000
34.000000 14.025096 -56.000092
-50.000000 14.025096 -56.000092
-65.999817 54.025272 51.999786
-70.000000 50.025097 51.999786
-70.000000 50.025105 44.000458
-66.000000 54.025108 44.000458
-50.000000 30.025095 52.000000
-46.000000 30.025095 52.000000
-45.999939 30.025095 44.000000
-50.000000 30.025095 44.000000
-50.000000 30.025095 48.000000
-106.000000 30.025095 48.000000
-105.999939 30.025095 -48.000046
-50.000000 30.025095 -48.000046
-105.999939 14.025096 48.000000
-50.000000 14.025096 48.000000
-50.000000 14.025096 -48.000031
-106.000000 14.025096 -48.000031
-106.000092 30.025095 56.000000
-126.000000 30.025095 56.000000
-126.000000 30.025095 -56.000092
-106.000000 30.025095 -56.000092
-126.000000 14.025096 56.000000
-106.000000 14.025096 56.000000
-106.000092 14.025096 -56.000092
-126.000000 14.025096 -56.000092
-66.000214 54.025097 -44.000000
-122.000000 54.025097 -44.000000
-122.000000 54.025097 -51.999969
-66.000000 54.025097 -51.999969
-86.000000 50.025097 -44.000000
-70.000031 50.025097 -44.000000
-70.000214 50.025097 -51.999985
-86.000000 50.025097 -51.999985
-66.000214 54.025097 -40.000000
-122.000000 54.025097 -40.000000
-122.000000 54.025097 -44.000061
-66.000000 54.025097 -44.000061
-122.000000 30.025095 -40.000000
-46.000000 30.025095 -40.000000
-46.000153 30.025095 -44.000061
-122.000000 30.025095 -44.000061
-65.999817 54.025272 -43.999527
-70.000000 50.025097 -43.999527
-70.000000 50.025105 -52.000000
-66.000000 54.025108 -52.000000
-50.000000 30.025095 -44.000000
-46.000000 30.025095 -44.000000
-45.999939 30.025095 -51.999954
-50.000000 30.025095 -51.999954
73.999817 106.025093 40.000000
70.000000 106.025093 40.000000
70.000000 106.025093 -40.000015
74.000000 106.025093 -40.000015
74.000000 74.025093 40.000000
78.000000 74.025093 40.000000
78.000061 74.025093 -40.000000
74.000488 74.025093 -40.000000
130.000122 46.025097 -32.000000
130.000122 46.025097 31.999969
74.000000 46.025097 47.999908
74.000000 46.025097 -48.000000
74.000000 30.025095 -48.000000
74.000000 30.025095 48.000000
130.000122 30.025095 31.999786
130.000122 30.025095 -32.000000
133.999878 38.025097 48.000000
130.000000 38.025097 48.000000
130.000000 38.025097 -48.000046
134.000000 38.025097 -48.000046
133.999939 2.025095 12.000000
133.999939 2.025095 -12.000000
130.000000 2.025095 -12.000000
130.000000 2.025095 12.000000
130.000000 10.025096 48.000000
133.999878 10.025096 48.000000
134.000000 10.025096 -48.000000
130.000000 10.025096 -48.000000
-122.000000 110.025093 -52.000000
-125.999908 110.025093 -52.000000
-126.000000 110.025093 -27.999893
-122.000000 78.025093 -27.999878
-125.999908 78.025093 -27.999878
-122.000000 110.025093 -27.999893
-126.000000 62.025097 -52.000092
-121.999939 62.025097 -52.000092
-122.000000 62.025097 52.000000
-126.000000 110.025093 -52.000000
-122.000000 110.025093 -52.000000
-126.000000 62.025097 52.000000
-122.000000 78.025093 -52.000107
-126.000000 78.025093 -52.000107
-126.000000 78.025093 52.000000
-121.999939 78.025093 52.000000
-122.000000 110.025093 52.000031
-125.999908 110.025093 52.000031
-122.000000 126.025093 -52.000000
-125.999908 126.025093 -52.000000
-126.000000 126.025093 52.000031
-122.000000 126.025093 52.000031
-126.000000 78.025093 -52.000000
-122.000000 78.025093 -52.000000
-126.000000 78.025093 28.000000
-122.000000 78.025093 28.000000
-122.000000 78.025093 52.000031
-125.999908 78.025093 52.000031
-122.000000 110.025093 28.000000
-125.999908 110.025093 28.000000
-126.000000 110.025093 52.000000
-122.000000 110.025093 52.000000
-126.000000 30.025095 -52.000092
-121.999939 30.025095 -52.000092
-122.000000 30.025095 52.000000
-126.000000 30.025095 52.000000
-122.000000 62.025097 -52.000107
-126.000000 62.025097 -52.000107
-126.000000 62.025097 52.000000
-121.999939 62.025097 52.000000
129.999878 60.025105 50.999969
129.999939 66.025108 51.000000
110.000000 64.025108 49.000000
110.000000 62.025082 49.000000
130.000061 66.025085 36.999969
130.000000 60.025108 36.999969
110.000061 62.025105 38.999969
110.000061 64.025078 38.999969
109.999939 58.025101 45.000000
109.999878 58.025101 43.000000
130.000061 56.025085 41.000000
130.000000 56.025089 47.000000
130.000122 70.025108 47.000031
130.000061 70.025101 41.000000
110.000000 68.025101 43.000000
110.000000 68.025101 45.000000
74.000000 29.974905 41.999996
74.000000 29.974905 48.000034
34.000000 29.974905 48.000034
34.000000 29.974905 42.000118
34.000000 77.974907 43.999966
34.000000 77.974907 48.000034
73.999939 77.974907 48.000034
73.999939 77.974907 44.000057
34.000000 30.025095 -40.000000
34.000000 30.025095 -48.000000
-70.000107 14.025096 48.000034
-86.000381 14.025096 48.000034
-85.999893 14.025096 -48.000042
-69.999863 14.025096 -48.000042
-81.999893 10.025096 48.000034
-73.999893 10.025096 48.000034
-74.000107 10.025096 -48.000027
-81.999893 10.025096 -48.000027
109.999878 14.025096 48.000000
94.000000 14.025096 48.000000
94.000000 14.025096 -48.000046
110.000000 14.025096 -48.000046
98.000000 10.025096 48.000000
106.000000 10.025096 48.000000
106.000061 10.025096 -48.000031
98.000000 10.025096 -48.000031
73.999817 106.025093 -40.000000
70.000000 106.025093 -40.000000
70.000000 106.025093 -44.000061
74.000000 106.025093 -44.000061
74.000000 74.025093 -40.000000
78.000000 74.025093 -40.000000
78.000000 74.025093 -44.000061
74.000000 74.025093 -44.000061
73.999817 106.025093 44.000000
70.000000 106.025093 44.000000
70.000000 106.025093 39.999969
74.000000 106.025093 39.999969
74.000000 74.025093 44.000000
78.000000 74.025093 44.000000
78.000000 74.025093 39.999969
74.000000 74.025093 39.999969
-85.999969 50.025101 -44.000000
-122.000000 54.025105 -44.000000
-121.999908 54.025093 -51.999954
-85.999969 50.025101 -51.999954
-121.999817 30.025095 -44.000000
-106.000000 30.025095 -44.000000
-105.999969 30.025095 -52.000000
-122.000000 30.025095 -52.000000
-85.999969 50.025101 52.000000
-122.000000 54.025105 52.000000
-121.999908 54.025093 44.000000
-85.999969 50.025101 44.000000
-121.999817 30.025095 51.999786
-106.000000 30.025095 51.999786
-105.999969 30.025095 44.000000
-122.000000 30.025095 44.000000
-106.000000 30.025137 56.000000
-106.000000 50.025097 56.000000
-85.999969 50.025097 56.000000
-106.000000 50.025097 52.000000
-106.000000 30.025072 52.000000
-85.999878 50.025097 52.000000
109.999939 68.025101 -43.000015
109.999939 68.025101 -45.000000
130.000000 70.025101 -47.000015
130.000061 70.025108 -41.000000
130.000000 56.025089 -41.000000
130.000061 56.025085 -47.000000
109.999878 58.025105 -45.000000
109.999939 58.025101 -43.000015
109.999939 62.025105 -39.000000
109.999939 64.025085 -39.000000
130.000061 66.025101 -37.000000
130.000122 60.025078 -37.000000
110.000122 64.025185 -48.999939
110.000061 62.025009 -48.999939
130.000061 60.025013 -50.999924
130.000122 66.025200 -50.999939
34.000000 78.025093 -43.999832
34.000000 78.025093 -48.000000
74.000000 78.025093 -48.000000
74.000000 78.025093 -43.999985
73.999939 30.025095 -40.000122
73.999939 30.025095 -48.000000
7
Root
628
0.000000
0.000000
0.000000
0.000000
0.000000
0.000000
0.000000
0.000000
0.000000
0.000000
0.000000
0.000000
0.000000
0.000000
0.000000
0.000000
0.000000
0.000000
0.000000
0.000000
0.000000
0.000000
0.000000
0.000000
0.000000
0.000000
0.000000
0.000000
0.000000
0.000000
0.000000
0.000000
0.000000
0.000000
0.000000
0.000000
0.000000
0.000000
0.000000
0.000000
0.000000
0.000000
0.000000
0.000000
0.000000
0.000000
0.000000
0.000000
0.000000
0.000000
0.000000
0.000000
0.000000
0.000000
0.000000
0.000000
0.000000
0.000000
0.000000
0.000000
0.000000
0.000000
0.000000
0.000000
0.000000
0.000000
0.000000
0.000000
0.000000
0.000000
0.000000
0.000000
0.000000
0.000000
0.000000
0.000000
0.000000
0.000000
0.000000
0.000000
0.000000
0.000000
0.000000
0.000000
0.000000
0.000000
0.000000
0.000000
0.000000
0.000000
0.000000
0.000000
0.000000
0.000000
0.000000
0.000000
0.000000
0.000000
0.000000
0.000000
0.000000
0.000000
0.000000
0.000000
0.000000
0.000000
0.000000
0.000000
0.000000
0.000000
0.000000
0.000000
0.000000
0.000000
0.000000
0.000000
0.000000
0.000000
0.000000
0.000000
0.000000
0.000000
0.000000
0.000000
0.000000
0.000000
0.000000
0.000000
0.000000
0.000000
0.000000
0.000000
0.000000
0.000000
0.000000
0.000000
100.000000
100.000000
100.000000
100.000000
100.000000
100.000000
100.000000
100.000000
100.000000
100.000000
100.000000
100.000000
100.000000
100.000000
100.000000
100.000000
100.000000
100.000000
100.000000
100.000000
100.000000
100.000000
100.000000
100.000000
100.000000
100.000000
100.000000
100.000000
100.000000
100.000000
100.000000
100.000000
100.000000
100.000000
100.000000
100.000000
100.000000
100.000000
100.000000
100.000000
100.000000
100.000000
100.000000
100.000000
100.000000
100.000000
100.000000
100.000000
100.000000
100.000000
100.000000
100.000000
100.000000
100.000000
100.000000
100.000000
100.000000
100.000000
100.000000
100.000000
100.000000
100.000000
100.000000
100.000000
100.000000
100.000000
100.000000
100.000000
100.000000
100.000000
100.000000
100.000000
100.000000
100.000000
100.000000
100.000000
100.000000
100.000000
100.000000
100.000000
100.000000
100.000000
100.000000
100.000000
100.000000
100.000000
100.000000
100.000000
100.000000
100.000000
100.000000
100.000000
100.000000
100.000000
100.000000
100.000000
100.000000
100.000000
100.000000
100.000000
100.000000
100.000000
100.000000
100.000000
100.000000
100.000000
100.000000
100.000000
100.000000
100.000000
100.000000
100.000000
100.000000
100.000000
100.000000
100.000000
100.000000
100.000000
100.000000
100.000000
100.000000
100.000000
100.000000
100.000000
100.000000
100.000000
100.000000
100.000000
100.000000
100.000000
100.000000
100.000000
100.000000
100.000000
100.000000
100.000000
100.000000
100.000000
100.000000
100.000000
100.000000
100.000000
100.000000
100.000000
100.000000
100.000000
100.000000
100.000000
100.000000
100.000000
100.000000
100.000000
100.000000
100.000000
100.000000
100.000000
100.000000
100.000000
100.000000
100.000000
100.000000
100.000000
100.000000
100.000000
100.000000
100.000000
100.000000
100.000000
100.000000
100.000000
100.000000
100.000000
100.000000
100.000000
100.000000
100.000000
100.000000
100.000000
100.000000
100.000000
100.000000
100.000000
100.000000
100.000000
100.000000
100.000000
100.000000
100.000000
100.000000
100.000000
100.000000
100.000000
100.000000
100.000000
100.000000
100.000000
100.000000
100.000000
100.000000
100.000000
100.000000
100.000000
100.000000
100.000000
100.000000
100.000000
100.000000
100.000000
100.000000
100.000000
100.000000
100.000000
100.000000
100.000000
100.000000
100.000000
100.000000
100.000000
100.000000
100.000000
100.000000
100.000000
100.000000
100.000000
100.000000
100.000000
100.000000
100.000000
100.000000
100.000000
100.000000
100.000000
100.000000
100.000000
100.000000
100.000000
100.000000
100.000000
100.000000
100.000000
100.000000
100.000000
100.000000
100.000000
100.000000
100.000000
100.000000
100.000000
100.000000
100.000000
100.000000
100.000000
100.000000
100.000000
100.000000
100.000000
100.000000
100.000000
100.000000
100.000000
100.000000
100.000000
100.000000
100.000000
100.000000
100.000000
100.000000
100.000000
100.000000
100.000000
100.000000
100.000000
100.000000
100.000000
100.000000
100.000000
100.000000
100.000000
100.000000
100.000000
100.000000
100.000000
100.000000
100.000000
100.000000
100.000000
100.000000
100.000000
100.000000
100.000000
100.000000
100.000000
100.000000
100.000000
100.000000
100.000000
100.000000
100.000000
100.000000
100.000000
100.000000
100.000000
100.000000
100.000000
100.000000
100.000000
100.000000
100.000000
100.000000
100.000000
100.000000
100.000000
100.000000
100.000000
100.000000
100.000000
100.000000
100.000000
100.000000
100.000000
100.000000
100.000000
100.000000
100.000000
100.000000
100.000000
100.000000
100.000000
100.000000
100.000000
100.000000
100.000000
100.000000
100.000000
100.000000
100.000000
100.000000
100.000000
100.000000
100.000000
100.000000
100.000000
100.000000
100.000000
100.000000
100.000000
100.000000
100.000000
100.000000
100.000000
100.000000
100.000000
100.000000
100.000000
100.000000
100.000000
100.000000
100.000000
100.000000
100.000000
100.000000
100.000000
100.000000
100.000000
100.000000
100.000000
100.000000
100.000000
100.000000
100.000000
100.000000
100.000000
100.000000
100.000000
100.000000
100.000000
100.000000
100.000000
100.000000
100.000000
100.000000
100.000000
100.000000
100.000000
100.000000
100.000000
100.000000
100.000000
100.000000
100.000000
100.000000
100.000000
100.000000
100.000000
100.000000
100.000000
100.000000
100.000000
100.000000
100.000000
100.000000
100.000000
100.000000
100.000000
100.000000
100.000000
0.000000
0.000000
0.000000
0.000000
0.000000
0.000000
0.000000
0.000000
100.000000
100.000000
100.000000
100.000000
100.000000
100.000000
100.000000
100.000000
100.000000
100.000000
100.000000
100.000000
100.000000
100.000000
100.000000
100.000000
100.000000
100.000000
100.000000
100.000000
100.000000
100.000000
100.000000
100.000000
100.000000
100.000000
100.000000
100.000000
100.000000
100.000000
100.000000
100.000000
100.000000
100.000000
100.000000
100.000000
100.000000
100.000000
100.000000
100.000000
100.000000
100.000000
100.000000
100.000000
100.000000
100.000000
100.000000
100.000000
100.000000
100.000000
100.000000
100.000000
100.000000
100.000000
100.000000
100.000000
100.000000
100.000000
100.000000
100.000000
100.000000
100.000000
100.000000
100.000000
100.000000
100.000000
100.000000
100.000000
100.000000
100.000000
100.000000
100.000000
100.000000
100.000000
100.000000
100.000000
100.000000
100.000000
view
628
0.000000
0.000000
0.000000
0.000000
0.000000
0.000000
0.000000
0.000000
0.000000
0.000000
0.000000
0.000000
0.000000
0.000000
0.000000
0.000000
0.000000
0.000000
0.000000
0.000000
0.000000
0.000000
0.000000
0.000000
0.000000
0.000000
0.000000
0.000000
0.000000
0.000000
0.000000
0.000000
0.000000
0.000000
0.000000
0.000000
0.000000
0.000000
0.000000
0.000000
0.000000
0.000000
0.000000
0.000000
0.000000
0.000000
0.000000
0.000000
0.000000
0.000000
0.000000
0.000000
0.000000
0.000000
0.000000
0.000000
0.000000
0.000000
0.000000
0.000000
0.000000
0.000000
0.000000
0.000000
0.000000
0.000000
0.000000
0.000000
0.000000
0.000000
0.000000
0.000000
0.000000
0.000000
0.000000
0.000000
0.000000
0.000000
0.000000
0.000000
0.000000
0.000000
0.000000
0.000000
0.000000
0.000000
0.000000
0.000000
0.000000
0.000000
0.000000
0.000000
0.000000
0.000000
0.000000
0.000000
0.000000
0.000000
0.000000
0.000000
0.000000
0.000000
0.000000
0.000000
0.000000
0.000000
0.000000
0.000000
0.000000
0.000000
0.000000
0.000000
0.000000
0.000000
0.000000
0.000000
0.000000
0.000000
0.000000
0.000000
0.000000
0.000000
0.000000
0.000000
0.000000
0.000000
0.000000
0.000000
0.000000
0.000000
0.000000
0.000000
0.000000
0.000000
0.000000
0.000000
0.000000
0.000000
0.000000
0.000000
0.000000
0.000000
0.000000
0.000000
0.000000
0.000000
0.000000
0.000000
0.000000
0.000000
0.000000
0.000000
0.000000
0.000000
0.000000
0.000000
0.000000
0.000000
0.000000
0.000000
0.000000
0.000000
0.000000
0.000000
0.000000
0.000000
0.000000
0.000000
0.000000
0.000000
0.000000
0.000000
0.000000
0.000000
0.000000
0.000000
0.000000
0.000000
0.000000
0.000000
0.000000
0.000000
0.000000
0.000000
0.000000
0.000000
0.000000
0.000000
0.000000
0.000000
0.000000
0.000000
0.000000
0.000000
0.000000
0.000000
0.000000
0.000000
0.000000
0.000000
0.000000
0.000000
0.000000
0.000000
0.000000
0.000000
0.000000
0.000000
0.000000
0.000000
0.000000
0.000000
0.000000
0.000000
0.000000
0.000000
0.000000
0.000000
0.000000
0.000000
0.000000
0.000000
0.000000
0.000000
0.000000
0.000000
0.000000
0.000000
0.000000
0.000000
0.000000
0.000000
0.000000
0.000000
0.000000
0.000000
0.000000
0.000000
0.000000
0.000000
0.000000
0.000000
0.000000
0.000000
0.000000
0.000000
0.000000
0.000000
0.000000
0.000000
0.000000
0.000000
0.000000
0.000000
0.000000
0.000000
0.000000
0.000000
0.000000
0.000000
0.000000
0.000000
0.000000
0.000000
0.000000
0.000000
0.000000
0.000000
0.000000
0.000000
0.000000
0.000000
0.000000
0.000000
0.000000
0.000000
0.000000
0.000000
0.000000
0.000000
0.000000
0.000000
0.000000
0.000000
0.000000
0.000000
0.000000
0.000000
0.000000
0.000000
0.000000
0.000000
0.000000
0.000000
0.000000
0.000000
0.000000
0.000000
0.000000
0.000000
0.000000
0.000000
0.000000
0.000000
0.000000
0.000000
0.000000
0.000000
0.000000
0.000000
0.000000
0.000000
0.000000
0.000000
0.000000
0.000000
0.000000
0.000000
0.000000
0.000000
0.000000
0.000000
0.000000
0.000000
0.000000
0.000000
0.000000
0.000000
0.000000
0.000000
0.000000
0.000000
0.000000
0.000000
0.000000
0.000000
0.000000
0.000000
0.000000
0.000000
0.000000
0.000000
0.000000
0.000000
0.000000
0.000000
0.000000
0.000000
0.000000
0.000000
0.000000
0.000000
0.000000
0.000000
0.000000
0.000000
0.000000
0.000000
0.000000
0.000000
0.000000
0.000000
0.000000
0.000000
0.000000
0.000000
0.000000
0.000000
0.000000
0.000000
0.000000
0.000000
0.000000
0.000000
0.000000
0.000000
0.000000
0.000000
0.000000
0.000000
0.000000
0.000000
0.000000
0.000000
0.000000
0.000000
0.000000
0.000000
0.000000
0.000000
0.000000
0.000000
0.000000
0.000000
0.000000
0.000000
0.000000
0.000000
0.000000
0.000000
0.000000
0.000000
0.000000
0.000000
0.000000
0.000000
0.000000
0.000000
0.000000
0.000000
0.000000
0.000000
0.000000
0.000000
0.000000
0.000000
0.000000
0.000000
0.000000
0.000000
0.000000
0.000000
0.000000
0.000000
0.000000
0.000000
0.000000
0.000000
0.000000
0.000000
0.000000
0.000000
0.000000
0.000000
0.000000
0.000000
0.000000
0.000000
0.000000
0.000000
0.000000
0.000000
0.000000
0.000000
0.000000
0.000000
0.000000
0.000000
0.000000
0.000000
0.000000
0.000000
0.000000
0.000000
0.000000
0.000000
0.000000
0.000000
0.000000
0.000000
0.000000
0.000000
0.000000
0.000000
0.000000
0.000000
0.000000
0.000000
0.000000
0.000000
0.000000
0.000000
0.000000
0.000000
0.000000
0.000000
0.000000
0.000000
0.000000
0.000000
0.000000
0.000000
0.000000
0.000000
0.000000
0.000000
0.000000
0.000000
0.000000
0.000000
0.000000
0.000000
0.000000
0.000000
0.000000
0.000000
0.000000
0.000000
0.000000
0.000000
0.000000
0.000000
0.000000
0.000000
0.000000
0.000000
0.000000
0.000000
0.000000
0.000000
0.000000
0.000000
0.000000
0.000000
0.000000
0.000000
0.000000
0.000000
0.000000
0.000000
0.000000
0.000000
0.000000
0.000000
0.000000
0.000000
0.000000
0.000000
0.000000
0.000000
0.000000
0.000000
0.000000
0.000000
0.000000
0.000000
0.000000
0.000000
0.000000
0.000000
0.000000
0.000000
0.000000
0.000000
0.000000
0.000000
0.000000
0.000000
0.000000
0.000000
0.000000
0.000000
0.000000
0.000000
0.000000
0.000000
0.000000
0.000000
0.000000
0.000000
0.000000
0.000000
0.000000
0.000000
0.000000
0.000000
0.000000
0.000000
0.000000
0.000000
0.000000
0.000000
0.000000
0.000000
0.000000
0.000000
0.000000
0.000000
0.000000
0.000000
0.000000
0.000000
0.000000
0.000000
0.000000
0.000000
0.000000
0.000000
0.000000
0.000000
0.000000
0.000000
0.000000
0.000000
0.000000
0.000000
0.000000
0.000000
0.000000
0.000000
0.000000
0.000000
0.000000
0.000000
0.000000
0.000000
0.000000
0.000000
0.000000
0.000000
0.000000
0.000000
0.000000
0.000000
0.000000
0.000000
0.000000
0.000000
0.000000
0.000000
0.000000
0.000000
0.000000
0.000000
0.000000
0.000000
0.000000
0.000000
Wheel_FL_Rotate
628
0.000000
0.000000
0.000000
0.000000
0.000000
0.000000
0.000000
0.000000
0.000000
0.000000
0.000000
0.000000
0.000000
0.000000
0.000000
0.000000
0.000000
0.000000
0.000000
0.000000
0.000000
0.000000
0.000000
0.000000
0.000000
0.000000
0.000000
0.000000
0.000000
0.000000
0.000000
0.000000
0.000000
0.000000
100.000000
100.000000
100.000000
100.000000
100.000000
100.000000
100.000000
100.000000
100.000000
100.000000
100.000000
100.000000
100.000000
100.000000
100.000000
100.000000
100.000000
100.000000
100.000000
100.000000
100.000000
100.000000
100.000000
100.000000
100.000000
100.000000
100.000000
100.000000
100.000000
100.000000
100.000000
100.000000
100.000000
100.000000
0.000000
0.000000
0.000000
0.000000
0.000000
0.000000
0.000000
0.000000
0.000000
0.000000
0.000000
0.000000
0.000000
0.000000
0.000000
0.000000
0.000000
0.000000
0.000000
0.000000
0.000000
0.000000
0.000000
0.000000
0.000000
0.000000
0.000000
0.000000
0.000000
0.000000
0.000000
0.000000
0.000000
0.000000
0.000000
0.000000
0.000000
0.000000
0.000000
0.000000
0.000000
0.000000
0.000000
0.000000
0.000000
0.000000
0.000000
0.000000
0.000000
0.000000
0.000000
0.000000
0.000000
0.000000
0.000000
0.000000
0.000000
0.000000
0.000000
0.000000
0.000000
0.000000
0.000000
0.000000
0.000000
0.000000
0.000000
0.000000
0.000000
0.000000
0.000000
0.000000
0.000000
0.000000
0.000000
0.000000
0.000000
0.000000
0.000000
0.000000
0.000000
0.000000
0.000000
0.000000
0.000000
0.000000
0.000000
0.000000
0.000000
0.000000
0.000000
0.000000
0.000000
0.000000
0.000000
0.000000
0.000000
0.000000
0.000000
0.000000
0.000000
0.000000
0.000000
0.000000
0.000000
0.000000
0.000000
0.000000
0.000000
0.000000
0.000000
0.000000
0.000000
0.000000
0.000000
0.000000
0.000000
0.000000
0.000000
0.000000
0.000000
0.000000
0.000000
0.000000
0.000000
0.000000
0.000000
0.000000
0.000000
0.000000
0.000000
0.000000
0.000000
0.000000
0.000000
0.000000
0.000000
0.000000
0.000000
0.000000
0.000000
0.000000
0.000000
0.000000
0.000000
0.000000
0.000000
0.000000
0.000000
0.000000
0.000000
0.000000
0.000000
0.000000
0.000000
0.000000
0.000000
0.000000
0.000000
0.000000
0.000000
0.000000
0.000000
0.000000
0.000000
0.000000
0.000000
0.000000
0.000000
0.000000
0.000000
0.000000
0.000000
0.000000
0.000000
0.000000
0.000000
0.000000
0.000000
0.000000
0.000000
0.000000
0.000000
0.000000
0.000000
0.000000
0.000000
0.000000
0.000000
0.000000
0.000000
0.000000
0.000000
0.000000
0.000000
0.000000
0.000000
0.000000
0.000000
0.000000
0.000000
0.000000
0.000000
0.000000
0.000000
0.000000
0.000000
0.000000
0.000000
0.000000
0.000000
0.000000
0.000000
0.000000
0.000000
0.000000
0.000000
0.000000
0.000000
0.000000
0.000000
0.000000
0.000000
0.000000
0.000000
0.000000
0.000000
0.000000
0.000000
0.000000
0.000000
0.000000
0.000000
0.000000
0.000000
0.000000
0.000000
0.000000
0.000000
0.000000
0.000000
0.000000
0.000000
0.000000
0.000000
0.000000
0.000000
0.000000
0.000000
0.000000
0.000000
0.000000
0.000000
0.000000
0.000000
0.000000
0.000000
0.000000
0.000000
0.000000
0.000000
0.000000
0.000000
0.000000
0.000000
0.000000
0.000000
0.000000
0.000000
0.000000
0.000000
0.000000
0.000000
0.000000
0.000000
0.000000
0.000000
0.000000
0.000000
0.000000
0.000000
0.000000
0.000000
0.000000
0.000000
0.000000
0.000000
0.000000
0.000000
0.000000
0.000000
0.000000
0.000000
0.000000
0.000000
0.000000
0.000000
0.000000
0.000000
0.000000
0.000000
0.000000
0.000000
0.000000
0.000000
0.000000
0.000000
0.000000
0.000000
0.000000
0.000000
0.000000
0.000000
0.000000
0.000000
0.000000
0.000000
0.000000
0.000000
0.000000
0.000000
0.000000
0.000000
0.000000
0.000000
0.000000
0.000000
0.000000
0.000000
0.000000
0.000000
0.000000
0.000000
0.000000
0.000000
0.000000
0.000000
0.000000
0.000000
0.000000
0.000000
0.000000
0.000000
0.000000
0.000000
0.000000
0.000000
0.000000
0.000000
0.000000
0.000000
0.000000
0.000000
0.000000
0.000000
0.000000
0.000000
0.000000
0.000000
0.000000
0.000000
0.000000
0.000000
0.000000
0.000000
0.000000
0.000000
0.000000
0.000000
0.000000
0.000000
0.000000
0.000000
0.000000
0.000000
0.000000
0.000000
0.000000
0.000000
0.000000
0.000000
0.000000
0.000000
0.000000
0.000000
0.000000
0.000000
0.000000
0.000000
0.000000
0.000000
0.000000
0.000000
0.000000
0.000000
0.000000
0.000000
0.000000
0.000000
0.000000
0.000000
0.000000
0.000000
0.000000
0.000000
0.000000
0.000000
0.000000
0.000000
0.000000
0.000000
0.000000
0.000000
0.000000
0.000000
0.000000
0.000000
0.000000
0.000000
0.000000
0.000000
0.000000
0.000000
0.000000
0.000000
0.000000
0.000000
0.000000
0.000000
0.000000
0.000000
0.000000
0.000000
0.000000
0.000000
0.000000
0.000000
0.000000
0.000000
0.000000
0.000000
0.000000
0.000000
0.000000
0.000000
0.000000
0.000000
0.000000
0.000000
0.000000
0.000000
0.000000
0.000000
0.000000
0.000000
0.000000
0.000000
0.000000
0.000000
0.000000
0.000000
0.000000
0.000000
0.000000
0.000000
0.000000
0.000000
0.000000
0.000000
0.000000
0.000000
0.000000
0.000000
0.000000
0.000000
0.000000
0.000000
0.000000
0.000000
0.000000
0.000000
0.000000
0.000000
0.000000
0.000000
0.000000
0.000000
0.000000
0.000000
0.000000
0.000000
0.000000
0.000000
0.000000
0.000000
0.000000
0.000000
0.000000
0.000000
0.000000
0.000000
0.000000
0.000000
0.000000
0.000000
0.000000
0.000000
0.000000
0.000000
0.000000
0.000000
0.000000
0.000000
0.000000
0.000000
0.000000
0.000000
0.000000
0.000000
0.000000
0.000000
0.000000
0.000000
0.000000
0.000000
0.000000
0.000000
0.000000
0.000000
0.000000
0.000000
0.000000
0.000000
0.000000
0.000000
0.000000
0.000000
0.000000
0.000000
0.000000
0.000000
0.000000
0.000000
0.000000
0.000000
0.000000
0.000000
0.000000
0.000000
0.000000
0.000000
0.000000
0.000000
0.000000
0.000000
0.000000
0.000000
0.000000
0.000000
0.000000
Wheel_FR_Rotate
628
100.000000
100.000000
100.000000
100.000000
100.000000
100.000000
100.000000
100.000000
100.000000
100.000000
100.000000
100.000000
100.000000
100.000000
100.000000
100.000000
100.000000
100.000000
100.000000
100.000000
100.000000
100.000000
100.000000
100.000000
100.000000
100.000000
100.000000
100.000000
100.000000
100.000000
100.000000
100.000000
100.000000
100.000000
0.000000
0.000000
0.000000
0.000000
0.000000
0.000000
0.000000
0.000000
0.000000
0.000000
0.000000
0.000000
0.000000
0.000000
0.000000
0.000000
0.000000
0.000000
0.000000
0.000000
0.000000
0.000000
0.000000
0.000000
0.000000
0.000000
0.000000
0.000000
0.000000
0.000000
0.000000
0.000000
0.000000
0.000000
0.000000
0.000000
0.000000
0.000000
0.000000
0.000000
0.000000
0.000000
0.000000
0.000000
0.000000
0.000000
0.000000
0.000000
0.000000
0.000000
0.000000
0.000000
0.000000
0.000000
0.000000
0.000000
0.000000
0.000000
0.000000
0.000000
0.000000
0.000000
0.000000
0.000000
0.000000
0.000000
0.000000
0.000000
0.000000
0.000000
0.000000
0.000000
0.000000
0.000000
0.000000
0.000000
0.000000
0.000000
0.000000
0.000000
0.000000
0.000000
0.000000
0.000000
0.000000
0.000000
0.000000
0.000000
0.000000
0.000000
0.000000
0.000000
0.000000
0.000000
0.000000
0.000000
0.000000
0.000000
0.000000
0.000000
0.000000
0.000000
0.000000
0.000000
0.000000
0.000000
0.000000
0.000000
0.000000
0.000000
0.000000
0.000000
0.000000
0.000000
0.000000
0.000000
0.000000
0.000000
0.000000
0.000000
0.000000
0.000000
0.000000
0.000000
0.000000
0.000000
0.000000
0.000000
0.000000
0.000000
0.000000
0.000000
0.000000
0.000000
0.000000
0.000000
0.000000
0.000000
0.000000
0.000000
0.000000
0.000000
0.000000
0.000000
0.000000
0.000000
0.000000
0.000000
0.000000
0.000000
0.000000
0.000000
0.000000
0.000000
0.000000
0.000000
0.000000
0.000000
0.000000
0.000000
0.000000
0.000000
0.000000
0.000000
0.000000
0.000000
0.000000
0.000000
0.000000
0.000000
0.000000
0.000000
0.000000
0.000000
0.000000
0.000000
0.000000
0.000000
0.000000
0.000000
0.000000
0.000000
0.000000
0.000000
0.000000
0.000000
0.000000
0.000000
0.000000
0.000000
0.000000
0.000000
0.000000
0.000000
0.000000
0.000000
0.000000
0.000000
0.000000
0.000000
0.000000
0.000000
0.000000
0.000000
0.000000
0.000000
0.000000
0.000000
0.000000
0.000000
0.000000
0.000000
0.000000
0.000000
0.000000
0.000000
0.000000
0.000000
0.000000
0.000000
0.000000
0.000000
0.000000
0.000000
0.000000
0.000000
0.000000
0.000000
0.000000
0.000000
0.000000
0.000000
0.000000
0.000000
0.000000
0.000000
0.000000
0.000000
0.000000
0.000000
0.000000
0.000000
0.000000
0.000000
0.000000
0.000000
0.000000
0.000000
0.000000
0.000000
0.000000
0.000000
0.000000
0.000000
0.000000
0.000000
0.000000
0.000000
0.000000
0.000000
0.000000
0.000000
0.000000
0.000000
0.000000
0.000000
0.000000
0.000000
0.000000
0.000000
0.000000
0.000000
0.000000
0.000000
0.000000
0.000000
0.000000
0.000000
0.000000
0.000000
0.000000
0.000000
0.000000
0.000000
0.000000
0.000000
0.000000
0.000000
0.000000
0.000000
0.000000
0.000000
0.000000
0.000000
0.000000
0.000000
0.000000
0.000000
0.000000
0.000000
0.000000
0.000000
0.000000
0.000000
0.000000
0.000000
0.000000
0.000000
0.000000
0.000000
0.000000
0.000000
0.000000
0.000000
0.000000
0.000000
0.000000
0.000000
0.000000
0.000000
0.000000
0.000000
0.000000
0.000000
0.000000
0.000000
0.000000
0.000000
0.000000
0.000000
0.000000
0.000000
0.000000
0.000000
0.000000
0.000000
0.000000
0.000000
0.000000
0.000000
0.000000
0.000000
0.000000
0.000000
0.000000
0.000000
0.000000
0.000000
0.000000
0.000000
0.000000
0.000000
0.000000
0.000000
0.000000
0.000000
0.000000
0.000000
0.000000
0.000000
0.000000
0.000000
0.000000
0.000000
0.000000
0.000000
0.000000
0.000000
0.000000
0.000000
0.000000
0.000000
0.000000
0.000000
0.000000
0.000000
0.000000
0.000000
0.000000
0.000000
0.000000
0.000000
0.000000
0.000000
0.000000
0.000000
0.000000
0.000000
0.000000
0.000000
0.000000
0.000000
0.000000
0.000000
0.000000
0.000000
0.000000
0.000000
0.000000
0.000000
0.000000
0.000000
0.000000
0.000000
0.000000
0.000000
0.000000
0.000000
0.000000
0.000000
0.000000
0.000000
0.000000
0.000000
0.000000
0.000000
0.000000
0.000000
0.000000
0.000000
0.000000
0.000000
0.000000
0.000000
0.000000
0.000000
0.000000
0.000000
0.000000
0.000000
0.000000
0.000000
0.000000
0.000000
0.000000
0.000000
0.000000
0.000000
0.000000
0.000000
0.000000
0.000000
0.000000
0.000000
0.000000
0.000000
0.000000
0.000000
0.000000
0.000000
0.000000
0.000000
0.000000
0.000000
0.000000
0.000000
0.000000
0.000000
0.000000
0.000000
0.000000
0.000000
0.000000
0.000000
0.000000
0.000000
0.000000
0.000000
0.000000
0.000000
0.000000
0.000000
0.000000
0.000000
0.000000
0.000000
0.000000
0.000000
0.000000
0.000000
0.000000
0.000000
0.000000
0.000000
0.000000
0.000000
0.000000
0.000000
0.000000
0.000000
0.000000
0.000000
0.000000
0.000000
0.000000
0.000000
0.000000
0.000000
0.000000
0.000000
0.000000
0.000000
0.000000
0.000000
0.000000
0.000000
0.000000
0.000000
0.000000
0.000000
0.000000
0.000000
0.000000
0.000000
0.000000
0.000000
0.000000
0.000000
0.000000
0.000000
0.000000
0.000000
0.000000
0.000000
0.000000
0.000000
0.000000
0.000000
0.000000
0.000000
0.000000
0.000000
0.000000
0.000000
0.000000
0.000000
0.000000
0.000000
0.000000
0.000000
0.000000
0.000000
0.000000
0.000000
0.000000
0.000000
0.000000
0.000000
0.000000
0.000000
0.000000
0.000000
0.000000
0.000000
0.000000
0.000000
0.000000
0.000000
0.000000
0.000000
0.000000
0.000000
0.000000
0.000000
0.000000
0.000000
0.000000
0.000000
0.000000
0.000000
0.000000
0.000000
0.000000
0.000000
0.000000
0.000000
0.000000
0.000000
0.000000
0.000000
0.000000
0.000000
0.000000
0.000000
0.000000
0.000000
0.000000
0.000000
0.000000
0.000000
0.000000
0.000000
0.000000
0.000000
Wheel_RR_Rotate
628
0.000000
0.000000
0.000000
0.000000
0.000000
0.000000
0.000000
0.000000
0.000000
0.000000
0.000000
0.000000
0.000000
0.000000
0.000000
0.000000
0.000000
0.000000
0.000000
0.000000
0.000000
0.000000
0.000000
0.000000
0.000000
0.000000
0.000000
0.000000
0.000000
0.000000
0.000000
0.000000
0.000000
0.000000
0.000000
0.000000
0.000000
0.000000
0.000000
0.000000
0.000000
0.000000
0.000000
0.000000
0.000000
0.000000
0.000000
0.000000
0.000000
0.000000
0.000000
0.000000
0.000000
0.000000
0.000000
0.000000
0.000000
0.000000
0.000000
0.000000
0.000000
0.000000
0.000000
0.000000
0.000000
0.000000
0.000000
0.000000
0.000000
0.000000
0.000000
0.000000
0.000000
0.000000
0.000000
0.000000
0.000000
0.000000
0.000000
0.000000
0.000000
0.000000
0.000000
0.000000
0.000000
0.000000
0.000000
0.000000
0.000000
0.000000
0.000000
0.000000
0.000000
0.000000
0.000000
0.000000
0.000000
0.000000
0.000000
0.000000
0.000000
0.000000
100.000000
100.000000
100.000000
100.000000
100.000000
100.000000
100.000000
100.000000
100.000000
100.000000
100.000000
100.000000
100.000000
100.000000
100.000000
100.000000
100.000000
100.000000
100.000000
100.000000
100.000000
100.000000
100.000000
100.000000
100.000000
100.000000
100.000000
100.000000
100.000000
100.000000
100.000000
100.000000
100.000000
100.000000
0.000000
0.000000
0.000000
0.000000
0.000000
0.000000
0.000000
0.000000
0.000000
0.000000
0.000000
0.000000
0.000000
0.000000
0.000000
0.000000
0.000000
0.000000
0.000000
0.000000
0.000000
0.000000
0.000000
0.000000
0.000000
0.000000
0.000000
0.000000
0.000000
0.000000
0.000000
0.000000
0.000000
0.000000
0.000000
0.000000
0.000000
0.000000
0.000000
0.000000
0.000000
0.000000
0.000000
0.000000
0.000000
0.000000
0.000000
0.000000
0.000000
0.000000
0.000000
0.000000
0.000000
0.000000
0.000000
0.000000
0.000000
0.000000
0.000000
0.000000
0.000000
0.000000
0.000000
0.000000
0.000000
0.000000
0.000000
0.000000
0.000000
0.000000
0.000000
0.000000
0.000000
0.000000
0.000000
0.000000
0.000000
0.000000
0.000000
0.000000
0.000000
0.000000
0.000000
0.000000
0.000000
0.000000
0.000000
0.000000
0.000000
0.000000
0.000000
0.000000
0.000000
0.000000
0.000000
0.000000
0.000000
0.000000
0.000000
0.000000
0.000000
0.000000
0.000000
0.000000
0.000000
0.000000
0.000000
0.000000
0.000000
0.000000
0.000000
0.000000
0.000000
0.000000
0.000000
0.000000
0.000000
0.000000
0.000000
0.000000
0.000000
0.000000
0.000000
0.000000
0.000000
0.000000
0.000000
0.000000
0.000000
0.000000
0.000000
0.000000
0.000000
0.000000
0.000000
0.000000
0.000000
0.000000
0.000000
0.000000
0.000000
0.000000
0.000000
0.000000
0.000000
0.000000
0.000000
0.000000
0.000000
0.000000
0.000000
0.000000
0.000000
0.000000
0.000000
0.000000
0.000000
0.000000
0.000000
0.000000
0.000000
0.000000
0.000000
0.000000
0.000000
0.000000
0.000000
0.000000
0.000000
0.000000
0.000000
0.000000
0.000000
0.000000
0.000000
0.000000
0.000000
0.000000
0.000000
0.000000
0.000000
0.000000
0.000000
0.000000
0.000000
0.000000
0.000000
0.000000
0.000000
0.000000
0.000000
0.000000
0.000000
0.000000
0.000000
0.000000
0.000000
0.000000
0.000000
0.000000
0.000000
0.000000
0.000000
0.000000
0.000000
0.000000
0.000000
0.000000
0.000000
0.000000
0.000000
0.000000
0.000000
0.000000
0.000000
0.000000
0.000000
0.000000
0.000000
0.000000
0.000000
0.000000
0.000000
0.000000
0.000000
0.000000
0.000000
0.000000
0.000000
0.000000
0.000000
0.000000
0.000000
0.000000
0.000000
0.000000
0.000000
0.000000
0.000000
0.000000
0.000000
0.000000
0.000000
0.000000
0.000000
0.000000
0.000000
0.000000
0.000000
0.000000
0.000000
0.000000
0.000000
0.000000
0.000000
0.000000
0.000000
0.000000
0.000000
0.000000
0.000000
0.000000
0.000000
0.000000
0.000000
0.000000
0.000000
0.000000
0.000000
0.000000
0.000000
0.000000
0.000000
0.000000
0.000000
0.000000
0.000000
0.000000
0.000000
0.000000
0.000000
0.000000
0.000000
0.000000
0.000000
0.000000
0.000000
0.000000
0.000000
0.000000
0.000000
0.000000
0.000000
0.000000
0.000000
0.000000
0.000000
0.000000
0.000000
0.000000
0.000000
0.000000
0.000000
0.000000
0.000000
0.000000
0.000000
0.000000
0.000000
0.000000
0.000000
0.000000
0.000000
0.000000
0.000000
0.000000
0.000000
0.000000
0.000000
0.000000
0.000000
0.000000
0.000000
0.000000
0.000000
0.000000
0.000000
0.000000
0.000000
0.000000
0.000000
0.000000
0.000000
0.000000
0.000000
0.000000
0.000000
0.000000
0.000000
0.000000
0.000000
0.000000
0.000000
0.000000
0.000000
0.000000
0.000000
0.000000
0.000000
0.000000
0.000000
0.000000
0.000000
0.000000
0.000000
0.000000
0.000000
0.000000
0.000000
0.000000
0.000000
0.000000
0.000000
0.000000
0.000000
0.000000
0.000000
0.000000
0.000000
0.000000
0.000000
0.000000
0.000000
0.000000
0.000000
0.000000
0.000000
0.000000
0.000000
0.000000
0.000000
0.000000
0.000000
0.000000
0.000000
0.000000
0.000000
0.000000
0.000000
0.000000
0.000000
0.000000
0.000000
0.000000
0.000000
0.000000
0.000000
0.000000
0.000000
0.000000
0.000000
0.000000
0.000000
0.000000
0.000000
0.000000
0.000000
0.000000
0.000000
0.000000
0.000000
0.000000
0.000000
0.000000
0.000000
0.000000
0.000000
0.000000
0.000000
0.000000
0.000000
0.000000
0.000000
0.000000
0.000000
0.000000
0.000000
0.000000
0.000000
0.000000
0.000000
0.000000
0.000000
0.000000
0.000000
0.000000
0.000000
0.000000
0.000000
0.000000
0.000000
0.000000
0.000000
0.000000
0.000000
0.000000
0.000000
0.000000
0.000000
0.000000
0.000000
0.000000
0.000000
0.000000
0.000000
0.000000
0.000000
0.000000
0.000000
0.000000
0.000000
0.000000
0.000000
0.000000
0.000000
0.000000
0.000000
0.000000
0.000000
0.000000
0.000000
0.000000
0.000000
0.000000
0.000000
0.000000
0.000000
0.000000
0.000000
0.000000
0.000000
0.000000
0.000000
0.000000
0.000000
0.000000
0.000000
0.000000
0.000000
0.000000
0.000000
0.000000
Wheel_RL_Rotate
628
0.000000
0.000000
0.000000
0.000000
0.000000
0.000000
0.000000
0.000000
0.000000
0.000000
0.000000
0.000000
0.000000
0.000000
0.000000
0.000000
0.000000
0.000000
0.000000
0.000000
0.000000
0.000000
0.000000
0.000000
0.000000
0.000000
0.000000
0.000000
0.000000
0.000000
0.000000
0.000000
0.000000
0.000000
0.000000
0.000000
0.000000
0.000000
0.000000
0.000000
0.000000
0.000000
0.000000
0.000000
0.000000
0.000000
0.000000
0.000000
0.000000
0.000000
0.000000
0.000000
0.000000
0.000000
0.000000
0.000000
0.000000
0.000000
0.000000
0.000000
0.000000
0.000000
0.000000
0.000000
0.000000
0.000000
0.000000
0.000000
100.000000
100.000000
100.000000
100.000000
100.000000
100.000000
100.000000
100.000000
100.000000
100.000000
100.000000
100.000000
100.000000
100.000000
100.000000
100.000000
100.000000
100.000000
100.000000
100.000000
100.000000
100.000000
100.000000
100.000000
100.000000
100.000000
100.000000
100.000000
100.000000
100.000000
100.000000
100.000000
100.000000
100.000000
0.000000
0.000000
0.000000
0.000000
0.000000
0.000000
0.000000
0.000000
0.000000
0.000000
0.000000
0.000000
0.000000
0.000000
0.000000
0.000000
0.000000
0.000000
0.000000
0.000000
0.000000
0.000000
0.000000
0.000000
0.000000
0.000000
0.000000
0.000000
0.000000
0.000000
0.000000
0.000000
0.000000
0.000000
0.000000
0.000000
0.000000
0.000000
0.000000
0.000000
0.000000
0.000000
0.000000
0.000000
0.000000
0.000000
0.000000
0.000000
0.000000
0.000000
0.000000
0.000000
0.000000
0.000000
0.000000
0.000000
0.000000
0.000000
0.000000
0.000000
0.000000
0.000000
0.000000
0.000000
0.000000
0.000000
0.000000
0.000000
0.000000
0.000000
0.000000
0.000000
0.000000
0.000000
0.000000
0.000000
0.000000
0.000000
0.000000
0.000000
0.000000
0.000000
0.000000
0.000000
0.000000
0.000000
0.000000
0.000000
0.000000
0.000000
0.000000
0.000000
0.000000
0.000000
0.000000
0.000000
0.000000
0.000000
0.000000
0.000000
0.000000
0.000000
0.000000
0.000000
0.000000
0.000000
0.000000
0.000000
0.000000
0.000000
0.000000
0.000000
0.000000
0.000000
0.000000
0.000000
0.000000
0.000000
0.000000
0.000000
0.000000
0.000000
0.000000
0.000000
0.000000
0.000000
0.000000
0.000000
0.000000
0.000000
0.000000
0.000000
0.000000
0.000000
0.000000
0.000000
0.000000
0.000000
0.000000
0.000000
0.000000
0.000000
0.000000
0.000000
0.000000
0.000000
0.000000
0.000000
0.000000
0.000000
0.000000
0.000000
0.000000
0.000000
0.000000
0.000000
0.000000
0.000000
0.000000
0.000000
0.000000
0.000000
0.000000
0.000000
0.000000
0.000000
0.000000
0.000000
0.000000
0.000000
0.000000
0.000000
0.000000
0.000000
0.000000
0.000000
0.000000
0.000000
0.000000
0.000000
0.000000
0.000000
0.000000
0.000000
0.000000
0.000000
0.000000
0.000000
0.000000
0.000000
0.000000
0.000000
0.000000
0.000000
0.000000
0.000000
0.000000
0.000000
0.000000
0.000000
0.000000
0.000000
0.000000
0.000000
0.000000
0.000000
0.000000
0.000000
0.000000
0.000000
0.000000
0.000000
0.000000
0.000000
0.000000
0.000000
0.000000
0.000000
0.000000
0.000000
0.000000
0.000000
0.000000
0.000000
0.000000
0.000000
0.000000
0.000000
0.000000
0.000000
0.000000
0.000000
0.000000
0.000000
0.000000
0.000000
0.000000
0.000000
0.000000
0.000000
0.000000
0.000000
0.000000
0.000000
0.000000
0.000000
0.000000
0.000000
0.000000
0.000000
0.000000
0.000000
0.000000
0.000000
0.000000
0.000000
0.000000
0.000000
0.000000
0.000000
0.000000
0.000000
0.000000
0.000000
0.000000
0.000000
0.000000
0.000000
0.000000
0.000000
0.000000
0.000000
0.000000
0.000000
0.000000
0.000000
0.000000
0.000000
0.000000
0.000000
0.000000
0.000000
0.000000
0.000000
0.000000
0.000000
0.000000
0.000000
0.000000
0.000000
0.000000
0.000000
0.000000
0.000000
0.000000
0.000000
0.000000
0.000000
0.000000
0.000000
0.000000
0.000000
0.000000
0.000000
0.000000
0.000000
0.000000
0.000000
0.000000
0.000000
0.000000
0.000000
0.000000
0.000000
0.000000
0.000000
0.000000
0.000000
0.000000
0.000000
0.000000
0.000000
0.000000
0.000000
0.000000
0.000000
0.000000
0.000000
0.000000
0.000000
0.000000
0.000000
0.000000
0.000000
0.000000
0.000000
0.000000
0.000000
0.000000
0.000000
0.000000
0.000000
0.000000
0.000000
0.000000
0.000000
0.000000
0.000000
0.000000
0.000000
0.000000
0.000000
0.000000
0.000000
0.000000
0.000000
0.000000
0.000000
0.000000
0.000000
0.000000
0.000000
0.000000
0.000000
0.000000
0.000000
0.000000
0.000000
0.000000
0.000000
0.000000
0.000000
0.000000
0.000000
0.000000
0.000000
0.000000
0.000000
0.000000
0.000000
0.000000
0.000000
0.000000
0.000000
0.000000
0.000000
0.000000
0.000000
0.000000
0.000000
0.000000
0.000000
0.000000
0.000000
0.000000
0.000000
0.000000
0.000000
0.000000
0.000000
0.000000
0.000000
0.000000
0.000000
0.000000
0.000000
0.000000
0.000000
0.000000
0.000000
0.000000
0.000000
0.000000
0.000000
0.000000
0.000000
0.000000
0.000000
0.000000
0.000000
0.000000
0.000000
0.000000
0.000000
0.000000
0.000000
0.000000
0.000000
0.000000
0.000000
0.000000
0.000000
0.000000
0.000000
0.000000
0.000000
0.000000
0.000000
0.000000
0.000000
0.000000
0.000000
0.000000
0.000000
0.000000
0.000000
0.000000
0.000000
0.000000
0.000000
0.000000
0.000000
0.000000
0.000000
0.000000
0.000000
0.000000
0.000000
0.000000
0.000000
0.000000
0.000000
0.000000
0.000000
0.000000
0.000000
0.000000
0.000000
0.000000
0.000000
0.000000
0.000000
0.000000
0.000000
0.000000
0.000000
0.000000
0.000000
0.000000
0.000000
0.000000
0.000000
0.000000
0.000000
0.000000
0.000000
0.000000
0.000000
0.000000
0.000000
0.000000
0.000000
0.000000
0.000000
0.000000
0.000000
0.000000
0.000000
0.000000
0.000000
0.000000
0.000000
0.000000
0.000000
0.000000
0.000000
0.000000
0.000000
0.000000
0.000000
0.000000
0.000000
0.000000
0.000000
0.000000
0.000000
0.000000
0.000000
0.000000
0.000000
0.000000
0.000000
0.000000
0.000000
0.000000
0.000000
Passenger_Door
628
0.000000
0.000000
0.000000
0.000000
0.000000
0.000000
0.000000
0.000000
0.000000
0.000000
0.000000
0.000000
0.000000
0.000000
0.000000
0.000000
0.000000
0.000000
0.000000
0.000000
0.000000
0.000000
0.000000
0.000000
0.000000
0.000000
0.000000
0.000000
0.000000
0.000000
0.000000
0.000000
0.000000
0.000000
0.000000
0.000000
0.000000
0.000000
0.000000
0.000000
0.000000
0.000000
0.000000
0.000000
0.000000
0.000000
0.000000
0.000000
0.000000
0.000000
0.000000
0.000000
0.000000
0.000000
0.000000
0.000000
0.000000
0.000000
0.000000
0.000000
0.000000
0.000000
0.000000
0.000000
0.000000
0.000000
0.000000
0.000000
0.000000
0.000000
0.000000
0.000000
0.000000
0.000000
0.000000
0.000000
0.000000
0.000000
0.000000
0.000000
0.000000
0.000000
0.000000
0.000000
0.000000
0.000000
0.000000
0.000000
0.000000
0.000000
0.000000
0.000000
0.000000
0.000000
0.000000
0.000000
0.000000
0.000000
0.000000
0.000000
0.000000
0.000000
0.000000
0.000000
0.000000
0.000000
0.000000
0.000000
0.000000
0.000000
0.000000
0.000000
0.000000
0.000000
0.000000
0.000000
0.000000
0.000000
0.000000
0.000000
0.000000
0.000000
0.000000
0.000000
0.000000
0.000000
0.000000
0.000000
0.000000
0.000000
0.000000
0.000000
0.000000
0.000000
0.000000
0.000000
0.000000
0.000000
0.000000
0.000000
0.000000
0.000000
0.000000
0.000000
0.000000
0.000000
0.000000
0.000000
0.000000
0.000000
0.000000
0.000000
0.000000
0.000000
0.000000
0.000000
0.000000
0.000000
0.000000
0.000000
0.000000
0.000000
0.000000
0.000000
0.000000
0.000000
0.000000
0.000000
0.000000
0.000000
0.000000
0.000000
0.000000
0.000000
0.000000
0.000000
0.000000
0.000000
0.000000
0.000000
0.000000
0.000000
0.000000
0.000000
0.000000
0.000000
0.000000
0.000000
0.000000
0.000000
0.000000
0.000000
0.000000
0.000000
0.000000
0.000000
0.000000
0.000000
0.000000
0.000000
0.000000
0.000000
0.000000
0.000000
0.000000
0.000000
0.000000
0.000000
0.000000
0.000000
0.000000
0.000000
0.000000
0.000000
0.000000
0.000000
0.000000
0.000000
0.000000
0.000000
0.000000
0.000000
0.000000
0.000000
0.000000
0.000000
0.000000
0.000000
0.000000
0.000000
0.000000
0.000000
0.000000
0.000000
0.000000
0.000000
0.000000
0.000000
0.000000
0.000000
0.000000
0.000000
0.000000
0.000000
0.000000
0.000000
0.000000
0.000000
0.000000
0.000000
0.000000
0.000000
0.000000
0.000000
0.000000
0.000000
0.000000
0.000000
0.000000
0.000000
0.000000
0.000000
0.000000
0.000000
0.000000
0.000000
0.000000
0.000000
0.000000
0.000000
0.000000
0.000000
0.000000
0.000000
0.000000
0.000000
0.000000
0.000000
0.000000
0.000000
0.000000
0.000000
0.000000
0.000000
0.000000
0.000000
0.000000
0.000000
0.000000
0.000000
0.000000
0.000000
0.000000
0.000000
0.000000
0.000000
0.000000
0.000000
0.000000
0.000000
0.000000
0.000000
0.000000
0.000000
0.000000
0.000000
0.000000
0.000000
0.000000
0.000000
0.000000
0.000000
0.000000
0.000000
0.000000
0.000000
0.000000
0.000000
0.000000
0.000000
0.000000
0.000000
0.000000
0.000000
0.000000
0.000000
0.000000
0.000000
0.000000
0.000000
0.000000
0.000000
0.000000
0.000000
0.000000
0.000000
0.000000
0.000000
0.000000
0.000000
0.000000
0.000000
0.000000
0.000000
0.000000
0.000000
0.000000
0.000000
0.000000
0.000000
0.000000
0.000000
0.000000
0.000000
0.000000
0.000000
0.000000
0.000000
0.000000
0.000000
0.000000
0.000000
0.000000
0.000000
0.000000
0.000000
0.000000
0.000000
0.000000
0.000000
0.000000
0.000000
0.000000
0.000000
0.000000
0.000000
0.000000
0.000000
0.000000
0.000000
0.000000
0.000000
0.000000
0.000000
0.000000
0.000000
0.000000
0.000000
0.000000
0.000000
0.000000
0.000000
0.000000
0.000000
0.000000
0.000000
0.000000
0.000000
0.000000
0.000000
0.000000
0.000000
0.000000
0.000000
0.000000
0.000000
0.000000
0.000000
0.000000
0.000000
0.000000
0.000000
0.000000
0.000000
0.000000
0.000000
0.000000
0.000000
0.000000
0.000000
0.000000
0.000000
0.000000
0.000000
0.000000
0.000000
0.000000
0.000000
0.000000
0.000000
0.000000
0.000000
0.000000
0.000000
0.000000
0.000000
0.000000
0.000000
0.000000
0.000000
0.000000
0.000000
0.000000
0.000000
0.000000
0.000000
0.000000
0.000000
0.000000
0.000000
0.000000
0.000000
0.000000
0.000000
0.000000
0.000000
0.000000
0.000000
0.000000
0.000000
0.000000
0.000000
0.000000
0.000000
0.000000
0.000000
0.000000
0.000000
0.000000
0.000000
0.000000
0.000000
0.000000
0.000000
0.000000
0.000000
0.000000
0.000000
0.000000
0.000000
0.000000
0.000000
0.000000
0.000000
0.000000
0.000000
0.000000
0.000000
0.000000
0.000000
0.000000
0.000000
0.000000
0.000000
0.000000
0.000000
0.000000
0.000000
0.000000
0.000000
0.000000
0.000000
0.000000
0.000000
0.000000
0.000000
0.000000
0.000000
0.000000
0.000000
0.000000
0.000000
0.000000
0.000000
0.000000
0.000000
0.000000
0.000000
0.000000
0.000000
0.000000
0.000000
0.000000
0.000000
0.000000
0.000000
0.000000
0.000000
0.000000
0.000000
0.000000
0.000000
0.000000
0.000000
0.000000
0.000000
0.000000
0.000000
0.000000
0.000000
0.000000
0.000000
100.000000
100.000000
100.000000
100.000000
100.000000
100.000000
100.000000
100.000000
0.000000
0.000000
0.000000
0.000000
0.000000
0.000000
0.000000
0.000000
0.000000
0.000000
0.000000
0.000000
0.000000
0.000000
0.000000
0.000000
0.000000
0.000000
0.000000
0.000000
0.000000
0.000000
0.000000
0.000000
0.000000
0.000000
0.000000
0.000000
0.000000
0.000000
0.000000
0.000000
0.000000
0.000000
0.000000
0.000000
0.000000
0.000000
0.000000
0.000000
0.000000
0.000000
0.000000
0.000000
0.000000
0.000000
0.000000
0.000000
0.000000
0.000000
0.000000
0.000000
0.000000
0.000000
0.000000
0.000000
0.000000
0.000000
0.000000
0.000000
0.000000
0.000000
0.000000
0.000000
0.000000
0.000000
0.000000
0.000000
0.000000
0.000000
0.000000
0.000000
0.000000
0.000000
0.000000
0.000000
0.000000
0.000000
